5,622121499281614E-10
1,124424301514579E-09
1,1244243019145636E-09
1,1244243020578494E-09
1,1244243020755035E-09
1,1244243020578294E-09
1,1244243019145565E-09
1,1244243015145822E-09
5,622121499281534E-10
1,1244243014968225E-09
2,248848609039961E-09
2,248848609875269E-09
2,2488486101806943E-09
2,2488486102165802E-09
2,2488486101806694E-09
2,2488486098752677E-09
2,248848609039958E-09
1,1244243014967993E-09
1,1244243017533944E-09
2,2488486095704864E-09
2,2488486104557533E-09
2,2488486107773773E-09
2,2488486108140946E-09
2,2488486107773963E-09
2,2488486104557835E-09
2,2488486095704893E-09
1,1244243017533808E-09
1,1244243014968065E-09
2,2488486090399758E-09
2,248848609875315E-09
2,2488486101806248E-09
2,2488486102165583E-09
2,2488486101806686E-09
2,2488486098752884E-09
2,2488486090399257E-09
1,124424301496788E-09
5,622121499281574E-10
1,1244243015145882E-09
1,1244243019145524E-09
1,1244243020578042E-09
1,1244243020754905E-09
1,1244243020578192E-09
1,1244243019145516E-09
1,1244243015145473E-09
5,622121499281422E-10
0,20000000117323635
0,20000000180970698
0,20000000189176723
0,20000000190791833
0,20000000190877484
0,2000000019079128
0,20000000189176598
0,20000000180971053
0,20000000117323247
0,2000000018088081
0,20000000296852216
0,20000000306591922
0,20000000308225616
0,20000000308317217
0,20000000308225235
0,200000003065918
0,20000000296852277
0,20000000180879948
0,20000000187472092
0,20000000304946622
0,20000000315418495
0,200000003171713
0,20000000317248162
0,20000000317171368
0,2000000031541931
0,20000000304946822
0,20000000187471773
0,20000000180880156
0,20000000296852236
0,20000000306593452
0,200000003082242
0,20000000308317217
0,20000000308225163
0,20000000306592455
0,20000000296851767
0,20000000180879934
0,20000000117323377
0,2000000018097124
0,20000000189175826
0,20000000190790715
0,2000000019087754
0,2000000019079083
0,20000000189176553
0,20000000180969893
0,20000000117323055
0,40000000178290296
0,40000000249407447
0,4000000026577051
0,40000000269011804
0,4000000026917869
0,40000000269010677
0,4000000026577027
0,4000000024940818
0,40000000178289485
0,4000000024923341
0,4000000036897941
0,40000000388364193
0,40000000391654933
0,4000000039182967
0,4000000039165417
0,4000000038836395
0,4000000036897949
0,4000000024923172
0,40000000262355984
0,4000000038505023
0,4000000040589918
0,4000000040942808
0,40000000409573333
0,4000000040942825
0,40000000405900793
0,40000000385050666
0,40000000262355284
0,40000000249232137
0,4000000036897942
0,4000000038836728
0,40000000391652113
0,40000000391829676
0,40000000391653984
0,4000000038836534
0,40000000368978433
0,40000000249231743
0,4000000017828974
0,40000000249408557
0,400000002657687
0,40000000269009545
0,40000000269178787
0,40000000269009856
0,400000002657701
0,40000000249405887
0,40000000178289086
0,600000002391132
0,6000000031775041
0,6000000034222328
0,6000000034709911
0,6000000034734302
0,6000000034709744
0,6000000034222301
0,6000000031775152
0,6000000023911205
0,6000000031749761
0,6000000044126007
0,6000000047020234
0,6000000047516905
0,6000000047541921
0,6000000047516793
0,600000004702019
0,6000000044126015
0,6000000031749507
0,6000000033709608
0,600000004652005
0,6000000049633846
0,6000000050166244
0,6000000050186823
0,6000000050166274
0,6000000049634091
0,6000000046520119
0,6000000033709498
0,6000000031749569
0,6000000044126012
0,6000000047020689
0,6000000047516492
0,6000000047541921
0,6000000047516773
0,6000000047020397
0,6000000044125867
0,6000000031749511
0,600000002391124
0,6000000031775212
0,6000000034222065
0,6000000034709569
0,6000000034734314
0,6000000034709619
0,6000000034222275
0,600000003177481
0,6000000023911141
0,8000000029978434
0,8000000038599709
0,8000000041853436
0,8000000042505019
0,8000000042536721
0,80000000425048
0,8000000041853396
0,8000000038599866
0,8000000029978274
0,8000000038567056
0,8000000051368842
0,8000000055210699
0,800000005587646
0,8000000055908307
0,8000000055876313
0,8000000055210642
0,8000000051368841
0,8000000038566722
0,8000000041169396
0,8000000054540233
0,8000000058674753
0,8000000059388154
0,8000000059414055
0,8000000059388201
0,800000005867508
0,8000000054540319
0,800000004116925
0,8000000038566798
0,8000000051368844
0,8000000055211305
0,8000000055875909
0,8000000055908304
0,8000000055876285
0,8000000055210912
0,8000000051368656
0,8000000038566717
0,8000000029978328
0,8000000038599939
0,8000000041853087
0,8000000042504568
0,8000000042536738
0,8000000042504639
0,8000000041853358
0,8000000038599394
0,8000000029978194
1,0000000036029544
1,0000000045414463
1,000000004947026
1,0000000050286133
1,0000000050324769
1,0000000050285855
1,000000004947021
1,000000004541467
1,0000000036029335
1,0000000045374917
1,0000000058625915
1,0000000063407897
1,0000000064243844
1,0000000064281855
1,0000000064243662
1,0000000063407828
1,0000000058625902
1,0000000045374504
1,0000000048615099
1,0000000062566032
1,000000006771375
1,0000000068609218
1,0000000068639774
1,000000006860929
1,0000000067714145
1,0000000062566146
1,0000000048614912
1,0000000045374584
1,0000000058625913
1,0000000063408656
1,0000000064243157
1,000000006428185
1,0000000064243637
1,0000000063408163
1,0000000058625693
1,0000000045374486
1,0000000036029415
1,0000000045414756
1,0000000049469824
1,0000000050285573
1,0000000050324795
1,0000000050285653
1,000000004947017
1,0000000045414066
1,0000000036029253
1,2000000042063796
1,2000000052219002
1,2000000057072653
1,2000000058052842
1,2000000058098048
1,2000000058052505
1,2000000057072615
1,200000005221925
1,200000004206354
1,200000005217302
1,2000000065896734
1,200000007161194
1,2000000072618777
1,2000000072662353
1,2000000072618557
1,2000000071611836
1,2000000065896705
1,2000000052172521
1,2000000056046813
1,2000000070597945
1,2000000076751889
1,2000000077830115
1,200000007786469
1,2000000077830226
1,2000000076752364
1,2000000070598074
1,2000000056046591
1,2000000052172617
1,2000000065896728
1,200000007161283
1,2000000072617953
1,2000000072662347
1,2000000072618522
1,2000000071612247
1,2000000065896466
1,2000000052172506
1,2000000042063657
1,2000000052219353
1,2000000057072138
1,2000000058052176
1,2000000058098066
1,2000000058052278
1,2000000057072542
1,2000000052218522
1,200000004206345
1,4000000048080345
1,4000000059013018
1,4000000064660447
1,4000000065804725
1,4000000065856137
1,4000000065804328
1,400000006466043
1,4000000059013296
1,4000000048080048
1,400000005896102
1,400000007318086
1,4000000079822916
1,4000000081000987
1,400000008104957
1,4000000081000736
1,400000007982279
1,4000000073180827
1,4000000058960433
1,4000000063464602
1,4000000078636439
1,4000000085790227
1,4000000087051525
1,4000000087089524
1,400000008705166
1,4000000085790767
1,4000000078636594
1,4000000063464337
1,4000000058960522
1,4000000073180858
1,4000000079823938
1,4000000081000026
1,4000000081049562
1,4000000081000692
1,4000000079823263
1,400000007318056
1,4000000058960416
1,4000000048080186
1,4000000059013418
1,400000006465986
1,4000000065803955
1,400000006585616
1,400000006580407
1,4000000064660338
1,4000000059012425
1,4000000048079957
1,6000000054078287
1,6000000065796154
1,600000007223343
1,6000000073541325
1,60000000735986
1,6000000073540857
1,6000000072233438
1,600000006579646
1,600000005407795
1,600000006573854
1,6000000080477896
1,6000000088040975
1,6000000089390247
1,60000000894433
1,6000000089389974
1,6000000088040802
1,6000000080477845
1,6000000065737874
1,6000000070868496
1,6000000086682
1,6000000094829767
1,6000000096274087
1,6000000096314972
1,6000000096274243
1,6000000094830378
1,600000008668219
1,6000000070868192
1,6000000065737952
1,6000000080477907
1,600000008804211
1,6000000089389146
1,60000000894433
1,6000000089389923
1,6000000088041353
1,6000000080477559
1,6000000065737847
1,600000005407813
1,6000000065796596
1,600000007223277
1,6000000073540455
1,6000000073598604
1,6000000073540586
1,600000007223332
1,6000000065795463
1,6000000054077856
1,8000000060056744
1,8000000072568048
1,800000007979138
1,8000000081262149
1,8000000081324947
1,8000000081261602
1,8000000079791414
1,800000007256836
1,8000000060056365
1,8000000072505198
1,8000000087787487
1,8000000096266227
1,800000009778635
1,8000000097843376
1,8000000097786055
1,8000000096266022
1,8000000087787424
1,8000000072504452
1,8000000078258522
1,8000000094735096
1,8000000103871518
1,800000010549844
1,8000000105541694
1,8000000105498613
1,8000000103872191
1,8000000094735336
1,8000000078258158
1,8000000072504512
1,8000000087787529
1,8000000096267468
1,800000009778511
1,800000009784339
1,8000000097785984
1,8000000096266653
1,8000000087787116
1,8000000072504405
1,8000000060056573
1,8000000072568518
1,8000000079790652
1,8000000081261178
1,8000000081324932
1,800000008126132
1,8000000079791276
1,8000000072567222
1,8000000060056283
2,0000000066014776
2,0000000079328286
2,0000000087334047
2,0000000088966683
2,0000000089034677
2,0000000088966083
2,0000000087334078
2,000000007932862
2,0000000066014367
2,000000007926059
2,000000009510932
2,000000010449884
2,000000010618911
2,0000000106249645
2,0000000106188773
2,00000001044986
2,000000009510925
2,0000000079259745
2,0000000085634624
2,000000010279623
2,000000011291646
2,000000011472518
2,0000000114770344
2,000000011472539
2,0000000112917204
2,0000000102796514
2,0000000085634206
2,0000000079259785
2,00000000951094
2,000000010450016
2,0000000106187747
2,000000010624966
2,000000010618871
2,0000000104499307
2,0000000095108894
2,0000000079259705
2,000000006601462
2,000000007932879
2,0000000087333243
2,000000008896563
2,000000008903465
2,000000008896576
2,000000008733393
2,000000007932737
2,0000000066014265
2,200000007195145
2,2000000086076468
2,200000009486112
2,2000000096654397
2,200000009672724
2,200000009665375
2,200000009486114
2,2000000086076827
2,2000000071951025
2,2000000086004285
2,2000000102443136
2,200000011273896
2,2000000114598355
2,200000011466197
2,2000000114597973
2,200000011273871
2,200000010244304
2,2000000086003357
2,200000009299673
2,2000000110865896
2,200000012196553
2,200000012395495
2,200000012400156
2,20000001239552
2,200000012196636
2,200000011086625
2,2000000092996252
2,2000000086003353
2,2000000102443273
2,2000000112740357
2,2000000114596867
2,200000011466198
2,2000000114597915
2,2000000112739477
2,200000010244266
2,2000000086003326
2,2000000071951296
2,2000000086076996
2,200000009486024
2,200000009665325
2,200000009672721
2,2000000096653385
2,200000009486099
2,200000008607545
2,2000000071950874
2,4000000077865815
2,400000009281215
2,4000000102372288
2,400000010432471
2,400000010440211
2,400000010432404
2,400000010237229
2,4000000092812535
2,400000007786535
2,400000009273583
2,400000010978871
2,4000000120986766
2,400000012301396
2,4000000123080225
2,40000001230135
2,4000000120986504
2,400000010978856
2,4000000092734837
2,400000010034479
2,400000011894461
2,400000013101967
2,4000000133188353
2,400000013323598
2,4000000133188637
2,4000000131020585
2,400000011894502
2,4000000100344194
2,4000000092734775
2,4000000109788893
2,400000012098824
2,4000000123012364
2,4000000123080225
2,4000000123013474
2,400000012098734
2,4000000109788147
2,4000000092734823
2,400000007786564
2,4000000092812703
2,4000000102371333
2,400000010432346
2,4000000104402086
2,40000001043236
2,4000000102372105
2,4000000092811073
2,4000000077865145
2,6000000083756856
2,6000000099534866
2,60000001098672
2,600000011197702
2,6000000112058657
2,6000000111976367
2,6000000109867156
2,6000000099535283
2,600000008375637
2,6000000099454748
2,600000011714589
2,600000012924243
2,600000013143579
2,600000013150431
2,600000013143524
2,6000000129242196
2,600000011714565
2,6000000099453677
2,6000000107678605
2,6000000127032843
2,600000014007978
2,600000014242596
2,6000000142474198
2,6000000142426294
2,60000001400808
2,6000000127033345
2,6000000107677916
2,60000000994536
2,600000011714608
2,6000000129244
2,6000000131434073
2,6000000131504266
2,6000000131435255
2,6000000129243093
2,6000000117145183
2,6000000099453753
2,6000000083756656
2,6000000099535465
2,600000010986615
2,6000000111975696
2,6000000112058665
2,600000011197585
2,6000000109866934
2,600000009953376
2,600000008375607
2,8000000089623556
2,800000010624418
2,8000000117345434
2,800000011961073
2,8000000119696304
2,8000000119610102
2,8000000117345336
2,8000000106244634
2,800000008962305
2,800000010616061
2,8000000124514464
2,8000000137506205
2,800000013986376
2,800000013993416
2,8000000139863075
2,8000000137505983
2,800000012451412
2,8000000106159457
2,8000000114998045
2,8000000135131113
2,8000000149146778
2,8000000151668374
2,800000015171686
2,800000015166875
2,8000000149147914
2,8000000135131695
2,8000000114997263
2,800000010615933
2,8000000124514686
2,8000000137507848
2,800000013986193
2,800000013993407
2,8000000139863177
2,800000013750694
2,800000012451364
2,800000010615958
2,800000008962334
2,800000010624481
2,800000011734432
2,8000000119609316
2,8000000119696336
2,800000011960947
2,8000000117345074
2,8000000106243013
2,800000008962267
3,0000000095464854
3,0000000112939578
3,0000000124806547
3,000000012722518
3,0000000127314372
3,0000000127224604
3,0000000124806405
3,0000000112940093
3,000000009546434
3,000000011285288
3,0000000131894335
3,0000000145778296
3,000000014829777
3,00000001483697
3,0000000148296966
3,0000000145778087
3,000000013189387
3,0000000112851644
3,0000000122302914
3,000000014323996
3,000000015822157
3,000000016091613
3,000000016096449
3,0000000160916556
3,000000015822281
3,000000014324063
3,0000000122302013
3,0000000112851466
3,00000001318946
3,000000014577997
3,000000014829585
3,0000000148369548
3,000000014829714
3,000000014577908
3,000000013189339
3,0000000112851812
3,000000009546464
3,000000011294022
3,0000000124805415
3,0000000127223663
3,000000012731444
3,0000000127223836
3,0000000124806143
3,0000000112938374
3,000000009546388
3,20000001012797
3,200000011962056
3,200000013225014
3,2000000134819677
3,2000000134912203
3,2000000134819184
3,200000013224992
3,2000000119621097
3,200000010127919
3,200000011953105
3,200000013928544
3,2000000154058945
3,2000000156737807
3,2000000156810873
3,2000000156736834
3,2000000154058745
3,200000013928486
3,2000000119529735
3,2000000129592983
3,2000000151359873
3,200000016730503
3,2000000170169796
3,200000017021771
3,2000000170170297
3,2000000167306353
3,2000000151360637
3,2000000129591974
3,200000011952951
3,200000013928575
3,2000000154060664
3,2000000156735755
3,200000015681067
3,20000001567371
3,2000000154059767
3,200000013928439
3,2000000119529934
3,2000000101279484
3,2000000119621226
3,200000013224896
3,2000000134818043
3,2000000134912305
3,2000000134818283
3,200000013224965
3,2000000119619294
3,2000000101278636
3,400000010706698
3,4000000126286585
3,400000013967569
3,4000000142393536
3,4000000142489064
3,4000000142393096
3,400000013967539
3,4000000126287175
3,400000010706645
3,4000000126194596
3,4000000146687714
3,4000000162348387
3,400000016518377
3,4000000165257687
3,4000000165182644
3,4000000162348214
3,4000000146687004
3,4000000126193215
3,4000000136867943
3,4000000159491375
3,400000017639798
3,400000017942993
3,400000017947711
3,40000001794305
3,400000017639937
3,4000000159492294
3,4000000136866846
3,400000012619292
3,400000014668809
3,4000000162350137
3,400000016518165
3,400000016525739
3,400000016518304
3,400000016234925
3,400000014668655
3,4000000126193446
3,4000000107066786
3,4000000126287255
3,4000000139674458
3,4000000142391777
3,400000014248924
3,400000014239207
3,400000013967512
3,4000000126285292
3,4000000107065835
3,600000011282558
3,60000001329371
3,6000000147082667
3,6000000149945985
3,6000000150044227
3,6000000149945617
3,600000014708229
3,6000000132937733
3,600000011282504
3,600000013284296
3,60000001541012
3,600000017064691
3,6000000173635676
3,6000000173710105
3,6000000173634428
3,6000000170646733
3,600000015410037
3,6000000132841485
3,6000000144127555
3,600000016763506
3,600000018550131
3,600000018869705
3,60000001887432
3,60000001886977
3,6000000185502774
3,60000001676361
3,600000014412636
3,600000013284112
3,6000000154101652
3,600000017064866
3,600000017363349
3,6000000173709696
3,6000000173634934
3,6000000170647772
3,6000000154099916
3,6000000132841747
3,600000011282541
3,6000000132937755
3,6000000147081423
3,600000014994409
3,600000015004451
3,600000014994443
3,600000014708205
3,6000000132935797
3,6000000112824346
3,8000000118554302
3,8000000139571553
3,8000000154470546
3,8000000157476252
3,8000000157576954
3,800000015747596
3,8000000154470066
3,800000013957224
3,8000000118553747
3,800000013947555
3,800000016152592
3,800000017895472
3,8000000182093565
3,8000000182168123
3,800000018209216
3,8000000178954627
3,800000016152496
3,8000000139473986
3,800000015137141
3,8000000175791477
3,8000000194615824
3,800000019797171
3,8000000198016544
3,800000019797245
3,8000000194617325
3,8000000175792663
3,800000015137015
3,800000013947359
3,800000016152642
3,8000000178956523
3,8000000182091296
3,8000000182167613
3,8000000182092784
3,8000000178955635
3,800000016152453
3,8000000139474257
3,800000011855416
3,8000000139572188
3,800000015446931
3,800000015747423
3,8000000157577327
3,800000015747463
3,800000015446988
3,800000013957022
3,8000000118553006
4,0000000124251995
4,000000014618933
4,000000016183874
4,000000016498353
4,000000016508645
4,000000016498331
4,000000016183812
4,000000014619008
4,000000012425143
4,000000014609174
4,0000000168962
4,000000018727215
4,000000019055739
4,00000001906318
4,000000019055586
4,000000018727216
4,000000016896088
4,000000014609005
4,000000015859917
4,00000001839612
4,000000020374233
4,000000020725443
4,000000020729767
4,000000020725529
4,000000020374387
4,000000018396249
4,00000001585979
4,00000001460897
4,000000016896252
4,000000018727402
4,000000019055506
4,00000001906312
4,000000019055658
4,000000018727312
4,000000016896045
4,000000014609038
4,000000012425187
4,000000014618998
4,000000016183752
4,000000016498139
4,000000016508687
4,000000016498187
4,000000016183802
4,000000014618798
4,00000001242506
4,200000012991739
4,200000015278984
4,200000016918662
4,200000017246697
4,200000017257188
4,200000017246683
4,200000016918586
4,200000015279067
4,200000012991682
4,200000015269099
4,200000017640948
4,200000019559952
4,200000019902729
4,200000019910123
4,200000019902561
4,200000019559963
4,200000017640825
4,200000015268918
4,200000016581042
4,2000000192144835
4,200000021288159
4,200000021654573
4,20000002165871
4,200000021654671
4,20000002128832
4,2000000192146185
4,200000016580909
4,2000000152688814
4,200000017641004
4,200000019560147
4,200000019902491
4,200000019910052
4,200000019902642
4,200000019560058
4,2000000176407815
4,200000015268954
4,200000012991727
4,200000015279052
4,200000016918538
4,200000017246469
4,200000017257229
4,200000017246533
4,20000001691858
4,200000015278846
4,20000001299159
4,400000013554931
4,400000015937239
4,400000017651358
4,400000017992573
4,400000018003235
4,400000017992565
4,40000001765126
4,400000015937333
4,400000013554869
4,4000000159272625
4,400000018386865
4,400000020393715
4,400000020750327
4,400000020757642
4,400000020750144
4,400000020393734
4,4000000183867245
4,4000000159270645
4,400000017300464
4,400000020034296
4,40000002220344
4,400000022584615
4,400000022588527
4,400000022584721
4,400000022203613
4,400000020034438
4,400000017300335
4,400000015927027
4,400000018386925
4,400000020393914
4,400000020750084
4,400000020757563
4,400000020750237
4,400000020393825
4,400000018386678
4,400000015927108
4,40000001355491
4,400000015937313
4,400000017651231
4,400000017992329
4,400000018003272
4,400000017992407
4,400000017651263
4,400000015937105
4,400000013554767
4,600000014114638
4,600000016593636
4,600000018381886
4,600000018735888
4,600000018746697
4,60000001873589
4,600000018381766
4,600000016593748
4,600000014114564
4,600000016583596
4,60000001913396
4,600000021228534
4,600000021598544
4,600000021605758
4,6000000215983405
4,600000021228568
4,6000000191338035
4,600000016583391
4,600000018018141
4,600000020855618
4,600000023120158
4,600000023515616
4,6000000235192795
4,600000023515729
4,600000023120337
4,600000020855768
4,600000018018011
4,6000000165833494
4,600000019134028
4,6000000212287455
4,6000000215982935
4,600000021605667
4,60000002159845
4,6000000212286585
4,60000001913376
4,600000016583433
4,600000014114612
4,600000016593718
4,600000018381758
4,600000018735628
4,600000018746731
4,600000018735725
4,600000018381779
4,600000016593504
4,600000014114462
4,800000014670728
4,800000017248113
4,800000019110174
4,80000001947655
4,800000019487478
4,800000019476558
4,800000019110035
4,8000000172482356
4,800000014670648
4,800000017238037
4,800000019882262
4,800000022064451
4,800000022447392
4,800000022454472
4,80000002244717
4,800000022064491
4,8000000198820985
4,800000017237815
4,800000018734015
4,800000021678517
4,800000024038392
4,800000024447618
4,800000024451017
4,8000000244477405
4,8000000240385745
4,800000021678668
4,8000000187338845
4,8000000172377755
4,800000019882334
4,8000000220646735
4,80000002244713
4,800000022454377
4,80000002244729
4,800000022064588
4,800000019882045
4,800000017237861
4,800000014670695
4,800000017248203
4,800000019110042
4,80000001947628
4,800000019487507
4,8000000194763865
4,800000019110053
4,800000017247981
4,800000014670541
5,00000001522306
5,000000017900595
5,000000019836142
5,000000020214456
5,000000020225479
5,000000020214475
5,000000019835982
5,000000017900737
5,0000000152229696
5,0000000178905095
5,000000020631801
5,000000022901507
5,000000023296877
5,000000023303805
5,0000000232966375
5,000000022901557
5,000000020631623
5,000000017890279
5,000000019448027
5,000000022503043
5,000000024958211
5,00000002538068
5,000000025383788
5,000000025380804
5,0000000249584
5,000000022503206
5,000000019447898
5,000000017890236
5,000000020631881
5,00000002290174
5,000000023296605
5,000000023303705
5,00000002329677
5,00000002290166
5,000000020631563
5,000000017890327
5,000000015223023
5,00000001790069
5,000000019836009
5,000000020214182
5,000000020225501
5,000000020214297
5,000000019836004
5,000000017900471
5,000000015222867
5,200000015771492
5,200000018551022
5,200000020559711
5,200000020949505
5,200000020960606
5,2000000209495365
5,200000020559526
5,200000018551173
5,2000000157713995
5,200000018540947
5,200000021382612
5,200000023739739
5,200000024147022
5,200000024153772
5,2000000241467665
5,200000023739796
5,200000021382418
5,200000018540707
5,200000020160116
5,200000023329276
5,200000025879688
5,2000000263148465
5,200000026317641
5,200000026314968
5,200000025879885
5,200000023329449
5,20000002015999
5,20000001854066
5,200000021382693
5,200000023739987
5,2000000241467355
5,200000024153669
5,200000024146896
5,200000023739912
5,20000002138235
5,200000018540758
5,200000015771451
5,200000018551119
5,200000020559573
5,200000020949229
5,200000020960617
5,200000020949356
5,200000020559552
5,2000000185509005
5,200000015771292
5,400000016315882
5,40000001919931
5,400000021280791
5,400000021681601
5,400000021692741
5,400000021681639
5,400000021280579
5,400000019199474
5,40000001631578
5,400000019189265
5,400000022134734
5,400000024579191
5,400000024997835
5,400000025004402
5,400000024997564
5,400000024579264
5,40000002213452
5,400000019189023
5,40000002087022
5,400000024157276
5,400000026802901
5,40000002725016
5,400000027252621
5,40000002725028
5,4000000268031
5,400000024157463
5,4000000208700865
5,4000000191889725
5,400000022134817
5,40000002457945
5,400000024997546
5,400000025004284
5,4000000249977
5,400000024579384
5,400000022134436
5,4000000191890845
5,400000016315836
5,400000019199408
5,4000000212806505
5,400000021681312
5,400000021692749
5,400000021681454
5,400000021280608
5,400000019199201
5,400000016315664
5,600000016856082
5,600000019845381
5,600000021999293
5,600000022410626
5,600000022421785
5,600000022410675
5,600000021999053
5,600000019845565
5,600000016855964
5,6000000198353925
5,60000002288821
5,6000000254199085
5,600000025849337
5,6000000258557066
5,600000025849053
5,600000025419993
5,600000022887975
5,600000019835154
5,600000021578263
5,600000024987108
5,600000027727915
5,6000000281866695
5,600000028188776
5,600000028186791
5,600000027728115
5,600000024987318
5,600000021578117
5,6000000198350905
5,6000000228882945
5,600000025420184
5,600000025849042
5,600000025855584
5,6000000258491855
5,600000025420129
5,600000022887868
5,600000019835223
5,600000016856024
5,600000019845487
5,600000021999146
5,600000022410323
5,600000022421785
5,600000022410492
5,600000021999085
5,600000019845293
5,600000016855842
5,8000000173919295
5,8000000204891595
5,800000022715126
5,800000023136468
5,800000023147621
5,800000023136524
5,800000022714859
5,80000002048936
5,800000017391805
5,800000020479251
5,800000023643086
5,800000026261934
5,800000026701556
5,800000026707711
5,800000026701259
5,800000026262036
5,80000002364283
5,800000020479012
5,800000022284166
5,800000025818847
5,800000028654807
5,800000029124409
5,800000029126158
5,800000029124535
5,800000028655006
5,80000002581908
5,800000022284008
5,800000020478939
5,800000023643175
5,800000026262223
5,80000002670126
5,800000026707583
5,8000000267013885
5,800000026262179
5,8000000236427
5,800000020479098
5,800000017391872
5,800000020489269
5,800000022714972
5,800000023136151
5,800000023147612
5,800000023136346
5,800000022714893
5,800000020489094
5,8000000173916675
6,00000001792327
6,000000021130568
6,000000023428186
6,000000023859005
6,000000023870134
6,000000023859064
6,000000023427893
6,000000021130781
6,000000017923131
6,000000021120752
6,000000024399421
6,000000027105318
6,000000027554517
6,000000027560441
6,000000027554205
6,0000000271054335
6,000000024399135
6,000000021120527
6,00000002298785
6,000000026652572
6,000000029583642
6,000000030063423
6,00000003006481
6,000000030063556
6,000000029583845
6,000000026652822
6,00000002298768
6,000000021120436
6,000000024399508
6,0000000271056235
6,000000027554219
6,000000027560312
6,000000027554331
6,000000027105591
6,000000024398991
6,000000021120619
6,000000017923212
6,000000021130676
6,000000023428026
6,000000023858668
6,000000023870121
6,0000000238589
6,0000000234279245
6,000000021130524
6,0000000179229875
6,200000018449934
6,200000021769527
6,200000024138366
6,200000024578117
6,200000024589201
6,200000024578178
6,200000024138054
6,200000021769747
6,200000018449787
6,200000021759822
6,200000025157263
6,200000027950115
6,200000028408239
6,200000028413938
6,200000028407919
6,200000027950243
6,200000025156948
6,2000000217596
6,200000023689226
6,2000000274883575
6,200000030514488
6,200000031003759
6,2000000310047705
6,200000031003898
6,200000030514692
6,200000027488626
6,200000023689042
6,200000021759489
6,2000000251573475
6,200000027950436
6,2000000284079455
6,200000028413795
6,2000000284080405
6,200000027950413
6,200000025156791
6,200000021759702
6,200000018449885
6,200000021769627
6,2000000241382
6,20000002457776
6,2000000245891815
6,200000024578027
6,200000024138083
6,200000021769499
6,2000000184496304
6,400000018971759
6,400000022405938
6,4000000248455615
6,400000025293675
6,400000025304692
6,40000002529374
6,400000024845225
6,400000022406168
6,400000018971601
6,400000022396361
6,400000025916684
6,400000028796376
6,400000029262755
6,400000029268223
6,40000002926243
6,400000028796515
6,40000002591634
6,400000022396149
6,400000024388199
6,400000028326273
6,400000031447412
6,4000000319454555
6,400000031946088
6,400000031945601
6,400000031447618
6,400000028326557
6,4000000243880075
6,400000022396014
6,400000025916763
6,400000028796709
6,400000029262464
6,400000029268076
6,400000029262547
6,400000028796691
6,400000025916173
6,400000022396252
6,400000018971717
6,400000022406034
6,400000024845395
6,400000025293298
6,40000002530467
6,400000025293597
6,400000024845259
6,400000022405924
6,400000018971433
6,60000001948856
6,600000023039719
6,6000000255496545
6,600000026005548
6,600000026016483
6,600000026005611
6,600000025549296
6,60000002303996
6,600000019488398
6,600000023030287
6,600000026677743
6,600000029644164
6,600000030118098
6,600000030123333
6,600000030117773
6,600000029644315
6,60000002667737
6,600000023030079
6,600000025084671
6,600000029166413
6,600000032382467
6,600000032888559
6,600000032888804
6,600000032888706
6,600000032382683
6,600000029166706
6,600000025084473
6,600000023029924
6,600000026677819
6,600000029644504
6,600000030117809
6,600000030123187
6,600000030117883
6,600000029644481
6,600000026677205
6,600000023030179
6,600000019488532
6,600000023039812
6,6000000255494875
6,60000002600515
6,600000026016455
6,600000026005481
6,600000025549337
6,600000023039714
6,600000019488222
6,800000020000168
6,800000023670783
6,800000026250523
6,8000000267135965
6,800000026724434
6,800000026713659
6,800000026250141
6,800000023671023
6,800000019999999
6,800000023661503
6,800000027440518
6,800000030493527
6,800000030974305
6,800000030979309
6,80000003097398
6,800000030493693
6,800000027440128
6,800000023661302
6,800000025778542
6,800000030008844
6,800000033319733
6,800000033833098
6,800000033832963
6,800000033833245
6,800000033319955
6,800000030009135
6,80000002577834
6,8000000236611156
6,800000027440602
6,800000030493874
6,800000030974021
6,800000030979161
6,800000030974085
6,800000030493848
6,80000002743998
6,800000023661378
6,800000020000157
6,80000002367086
6,800000026250364
6,800000026713175
6,8000000267243985
6,800000026713539
6,800000026250192
6,800000023670769
6,800000019999824
7,000000020506392
7,000000024299026
7,000000026948047
7,000000027417675
7,000000027428404
7,000000027417737
7,000000026947636
7,000000024299268
7,0000000205062145
7,0000000242899105
7,000000028205099
7,0000000313445305
7,00000003183141
7,000000031836194
7,000000031831088
7,000000031344715
7,000000028204691
7,0000000242897125
7,000000026469693
7,000000030853653
7,000000034259265
7,0000000347791165
7,000000034778603
7,000000034779263
7,000000034259484
7,0000000308539425
7,000000026469492
7,000000024289503
7,000000028205189
7,000000031344877
7,000000031831135
7,000000031836047
7,000000031831186
7,000000031344863
7,00000002820456
7,000000024289762
7,000000020506392
7,00000002429909
7,000000026947894
7,000000027417231
7,000000027428359
7,000000027417631
7,0000000269477
7,000000024299
7,00000002050605
7,200000021007042
7,200000024924353
7,20000002764209
7,200000028117642
7,20000002812825
7,200000028117704
7,2000000276416545
7,2000000249245995
7,200000021006857
7,200000024915404
7,200000028971569
7,200000032197236
7,2000000326894575
7,200000032694026
7,200000032689139
7,2000000321974404
7,200000028971141
7,200000024915212
7,200000027158007
7,20000003170093
7,20000003520112
7,200000035726653
7,200000035725761
7,2000000357267915
7,200000035201344
7,200000031701207
7,200000027157817
7,200000024914983
7,200000028971663
7,2000000321975826
7,2000000326891955
7,200000032693875
7,2000000326892275
7,2000000321975755
7,200000028971031
7,200000024915237
7,200000021007047
7,200000024924406
7,200000027641945
7,200000028117168
7,200000028128196
7,2000000281176
7,200000027641737
7,200000024924306
7,2000000210067
7,400000021501914
7,400000025546667
7,400000028332508
7,400000028813335
7,400000028823811
7,400000028813398
7,400000028332052
7,400000025546912
7,400000021501727
7,40000002553789
7,400000029740018
7,400000033051717
7,40000003354849
7,400000033552864
7,400000033548176
7,400000033051938
7,40000002973958
7,4000000255376985
7,400000027843363
7,400000032550757
7,4000000361453635
7,400000036675729
7,400000036674484
7,400000036675856
7,400000036145593
7,400000032551024
7,400000027843188
7,400000025537455
7,4000000297401245
7,4000000330520574
7,400000033548247
7,400000033552704
7,400000033548266
7,400000033052048
7,400000029739495
7,400000025537696
7,400000021501926
7,400000025546698
7,400000028332382
7,400000028812834
7,400000028823752
7,400000028813292
7,400000028332163
7,400000025546593
7,400000021501581
7,60000002199081
7,600000026165855
7,600000029019164
7,60000002950459
7,600000029514943
7,600000029504654
7,600000029018691
7,600000026166099
7,600000021990626
7,60000002615726
7,6000000305105555
7,600000033908037
7,600000034408561
7,600000034412751
7,600000034408255
7,600000033908265
7,600000030510104
7,600000026157061
7,600000028525624
7,600000033403234
7,6000000370920455
7,600000037626383
7,6000000376248
7,600000037626498
7,600000037092283
7,6000000334034885
7,600000028525472
7,600000026156812
7,60000003051066
7,600000033908376
7,600000034408333
7,600000034412579
7,600000034408343
7,600000033908352
7,600000030510041
7,600000026157034
7,600000021990823
7,600000026165872
7,600000029019055
7,600000029504072
7,60000002951487
7,600000029504552
7,600000029018834
7,600000026165753
7,600000021990489
7,80000002247351
7,800000026781825
7,800000029701901
7,800000030191252
7,800000030201476
7,800000030191312
7,800000029701416
7,800000026782064
7,8000000224733315
7,800000026773398
7,800000031283281
7,8000000347662715
7,8000000352697105
7,800000035273753
7,8000000352694165
7,80000003476651
7,800000031282815
7,800000026773197
7,800000029204657
7,800000034258453
7,800000038041222
7,800000038578644
7,800000038576758
7,8000000385787445
7,800000038041464
7,800000034258697
7,800000029204524
7,8000000267729375
7,8000000312833855
7,800000034766603
7,8000000352695125
7,800000035273558
7,800000035269515
7,800000034766574
7,800000031282779
7,800000026773143
7,8000000224735295
7,800000026781819
7,800000029701824
7,800000030190713
7,8000000302013905
7,800000030191207
7,800000029701597
7,800000026781687
7,800000022473202
8,000000022949804
8,000000027394453
8,000000030380567
8,000000030873135
8,000000030883246
8,00000003087319
8,000000030380082
8,00000002739469
8,000000022949632
8,000000027386188
8,000000032058317
8,000000035626494
8,00000003613201
8,000000036135916
8,000000036131732
8,000000035626735
8,000000032057837
8,00000002738598
8,000000029880319
8,000000035116509
8,000000038992951
8,000000039532532
8,000000039530388
8,000000039532628
8,000000038993194
8,000000035116742
8,000000029880205
8,000000027385717
8,000000032058418
8,000000035626806
8,000000036131839
8,000000036135699
8,00000003613183
8,000000035626776
8,000000032057832
8,000000027385887
8,000000022949832
8,00000002739443
8,00000003038052
8,000000030872576
8,000000030883143
8,000000030873089
8,000000030380287
8,000000027394275
8,000000022949521
8,200000023419461
8,200000028003638
8,200000031054994
8,20000003155007
8,200000031560068
8,200000031550111
8,200000031054502
8,200000028003855
8,200000023419307
8,200000027995513
8,200000032835776
8,200000036488783
8,200000036995508
8,200000036999306
8,20000003699525
8,20000003648903
8,200000032835293
8,2000000279953
8,200000030552458
8,200000035977508
8,200000039947282
8,200000040488082
8,200000040485724
8,200000040488169
8,200000039947522
8,200000035977727
8,200000030552355
8,200000027995031
8,20000003283588
8,200000036489083
8,200000036995377
8,200000036999068
8,200000036995347
8,200000036489051
8,200000032835309
8,200000027995173
8,200000023419504
8,200000028003593
8,200000031054977
8,200000031549488
8,200000031559943
8,200000031550015
8,200000031054747
8,200000028003423
8,200000023419204
8,400000023882258
8,400000028609242
8,400000031725012
8,400000032221858
8,400000032231754
8,400000032221895
8,400000031724515
8,400000028609446
8,400000023882118
8,400000028601244
8,400000033615807
8,40000003735323
8,400000037860275
8,400000037864011
8,400000037860034
8,400000037353482
8,400000033615312
8,400000028601024
8,400000031220902
8,400000036841547
8,400000040904246
8,400000041445324
8,400000041442787
8,400000041445397
8,400000040904484
8,400000036841764
8,400000031220811
8,400000028600749
8,400000033615905
8,400000037353513
8,400000037860169
8,400000037863744
8,400000037860135
8,400000037353484
8,40000003361535
8,400000028600871
8,400000023882319
8,400000028609174
8,40000003172502
8,400000032221262
8,400000032231626
8,400000032221804
8,400000031724788
8,40000002860899
8,400000023882022
8,600000024337952
8,600000029211152
8,600000032390433
8,600000032888314
8,600000032898125
8,600000032888342
8,600000032389937
8,60000002921135
8,600000024337819
8,60000002920327
8,600000034398544
8,600000038219914
8,60000003872638
8,600000038730087
8,600000038726153
8,600000038220172
8,60000003439803
8,600000029203049
8,600000031885472
8,600000037708734
8,600000041863897
8,600000042404277
8,600000042401625
8,600000042404334
8,600000041864135
8,600000037708948
8,600000031885394
8,60000002920277
8,600000034398624
8,600000038220193
8,600000038726286
8,600000038729798
8,600000038726261
8,600000038220154
8,600000034398098
8,600000029202855
8,600000024338014
8,600000029211081
8,600000032390465
8,600000032887717
8,600000032897979
8,600000032888255
8,60000003239024
8,600000029210863
8,600000024337737
8,800000024786286
8,800000029809244
8,800000033051075
8,800000033549232
8,800000033558971
8,80000003354926
8,80000003305058
8,80000002980942
8,800000024786165
8,800000029801442
8,800000035184135
8,800000039088927
8,80000003959388
8,80000003959763
8,800000039593675
8,800000039089197
8,800000035183606
8,800000029801222
8,800000032545988
8,800000038579187
8,800000042826268
8,80000004336497
8,800000043362239
8,800000043365007
8,800000042826507
8,800000038579395
8,800000032545917
8,800000029800945
8,800000035184185
8,80000003908921
8,800000039593808
8,800000039597325
8,800000039593781
8,800000039089168
8,800000035183688
8,800000029801
8,800000024786355
8,800000029809166
8,800000033051113
8,800000033548637
8,800000033558801
8,800000033549177
8,8000000330509
8,800000029808926
8,800000024786089
9,000000025227006
9,000000030403372
9,00000003370674
9,00000003420441
9,00000003421409
9,000000034204437
9,00000003370624
9,000000030403532
9,000000025226903
9,000000030395633
9,000000035972743
9,00000003996036
9,000000040462874
9,000000040466714
9,000000040462679
9,00000003996065
9,000000035972201
9,000000030395407
9,000000033202257
9,000000039453012
9,000000043791406
9,000000044327408
9,000000044324672
9,000000044327422
9,000000043791651
9,000000039453205
9,000000033202207
9,000000030395144
9,000000035972764
9,000000039960655
9,000000040462805
9,000000040466407
9,000000040462792
9,000000039960605
9,000000035972299
9,000000030395162
9,000000025227083
9,000000030403292
9,000000033706783
9,000000034203815
9,000000034213887
9,000000034204353
9,000000033706575
9,000000030403031
9,000000025226829
9,20000002565985
9,200000030993412
9,200000034357215
9,20000003485362
9,200000034863265
9,200000034853648
9,200000034356707
9,200000030993563
9,200000025659767
9,200000030985695
9,200000036764534
9,200000040834325
9,200000041333432
9,200000041337429
9,200000041333245
9,20000004083463
9,200000036763974
9,200000030985473
9,200000033854074
9,200000040330327
9,200000044759337
9,200000045291613
9,200000045288938
9,200000045291608
9,200000044759589
9,200000040330496
9,20000003385405
9,200000030985214
9,200000036764532
9,200000040834624
9,200000041333373
9,20000004133711
9,200000041333366
9,200000040834572
9,200000036764093
9,200000030985201
9,20000002565993
9,200000030993328
9,200000034357258
9,200000034853026
9,200000034863043
9,200000034853563
9,200000034357057
9,200000030993056
9,200000025659685
9,400000026084534
9,400000031579218
9,400000035002282
9,400000035496639
9,40000003550628
9,400000035496657
9,400000035001774
9,400000031579351
9,400000026084482
9,400000031571498
9,400000037559694
9,400000041710923
9,400000042205653
9,400000042209859
9,400000042205479
9,400000041711232
9,400000037559115
9,400000031571272
9,40000003450122
9,400000041211252
9,400000045730085
9,400000046257594
9,40000004625507
9,400000046257572
9,400000045730339
9,400000041211397
9,400000034501229
9,400000031571013
9,400000037559664
9,400000041711225
9,400000042205608
9,400000042209543
9,400000042205606
9,400000041711174
9,400000037559257
9,400000031570976
9,400000026084626
9,400000031579133
9,400000035002321
9,400000035496051
9,400000035506034
9,400000035496578
9,400000035002126
9,400000031578843
9,400000026084385
9,600000026500782
9,600000032160647
9,600000035641722
9,600000036133217
9,600000036142907
9,600000036133224
9,600000035641214
9,600000032160766
9,60000002650076
9,600000032152874
9,600000038358424
9,600000042590244
9,600000043079639
9,600000043084115
9,600000043079472
9,600000042590558
9,600000038357821
9,600000032152638
9,600000035143488
9,600000042095896
9,600000046703691
9,600000047225354
9,600000047223078
9,600000047225318
9,600000046703942
9,600000042096037
9,60000003514351
9,600000032152401
9,600000038358354
9,600000042590553
9,60000004307959
9,600000043083801
9,600000043079598
9,600000042590509
9,600000038357978
9,600000032152334
9,60000002650089
9,600000032160553
9,600000035641754
9,600000036132638
9,600000036142635
9,600000036133158
9,600000035641566
9,60000003216026
9,600000026500654
9,800000026908302
9,800000032737545
9,800000036275282
9,80000003676312
9,800000036772902
9,800000036763114
9,80000003627478
9,80000003273765
9,80000002690831
9,800000032729661
9,80000003916091
9,80000004347242
9,800000043955478
9,8000000439603
9,80000004395533
9,800000043472735
9,800000039160293
9,800000032729425
9,800000035780636
9,800000042984403
9,800000047680165
9,800000048194908
9,800000048192976
9,800000048194851
9,800000047680408
9,800000042984534
9,800000035780661
9,80000003272921
9,80000003916081
9,800000043472735
9,80000004395544
9,80000004395999
9,80000004395545
9,800000043472693
9,800000039160455
9,800000032729109
9,800000026908414
9,800000032737438
9,800000036275309
9,800000036762544
9,800000036772602
9,800000036763063
9,800000036275135
9,800000032737143
9,800000026908195
10,000000027306791
10,000000033309751
10,000000036902716
10,000000037386085
10,000000037396005
10,000000037386076
10,00000003690221
10,000000033309844
10,000000027306822
10,000000033301706
10,000000039967384
10,000000044357567
10,000000044833282
10,000000044838535
10,000000044833145
10,000000044357893
10,00000003996675
10,000000033301468
10,000000036412407
10,000000043876893
10,000000048659517
10,000000049166252
10,000000049164775
10,000000049166184
10,000000048659755
10,00000004387703
10,000000036412441
10,000000033301282
10,000000039967247
10,000000044357886
10,000000044833252
10,000000044838227
10,00000004483325
10,000000044357849
10,000000039966922
10,00000003330114
10,000000027306905
10,000000033309632
10,000000036902748
10,000000037385513
10,000000037395688
10,000000037386037
10,000000036902577
10,000000033309341
10,000000027306708
10,200000027695937
10,200000033877103
10,20000003752376
10,20000003800186
10,200000038011964
10,200000038001837
10,200000037523257
10,200000033877183
10,200000027695989
10,200000033868832
10,200000040778072
10,20000004524581
10,200000045713155
10,200000045718934
10,200000045713029
10,20000004524614
10,20000004077742
10,200000033868594
10,200000037038548
10,200000044773505
10,200000049641755
10,200000050139394
10,200000050138483
10,200000050139323
10,20000004964199
10,20000004477365
10,20000003703858
10,200000033868438
10,200000040777901
10,200000045246139
10,200000045713143
10,200000045718642
10,20000004571312
10,200000045246096
10,200000040777594
10,200000033868251
10,200000027696044
10,20000003387698
10,200000037523793
10,200000038001289
10,200000038011618
10,200000038001821
10,20000003752363
10,200000033876686
10,200000027695868
10,40000002807541
10,400000034439424
10,400000038138142
10,400000038610155
10,400000038620501
10,400000038610127
10,400000038137645
10,400000034439495
10,400000028075475
10,400000034430859
10,400000041593216
10,400000046137288
10,40000004659523
10,40000004660164
10,400000046595112
10,40000004613762
10,400000041592547
10,400000034430626
10,40000003765877
10,400000045674368
10,40000005062689
10,400000051114327
10,40000005111409
10,400000051114255
10,400000050627106
10,400000045674535
10,400000037658804
10,4000000344305
10,400000041593026
10,400000046137611
10,400000046595228
10,400000046601361
10,40000004659519
10,40000004613758
10,400000041592728
10,400000034430272
10,400000028075508
10,400000034439296
10,400000038138176
10,4000000386096
10,400000038620124
10,40000003861012
10,400000038138032
10,400000034439
10,40000002807537
10,600000028444883
10,60000003499654
10,60000003874557
10,600000039210688
10,600000039221335
10,600000039210656
10,60000003874509
10,600000034996595
10,600000028444956
10,60000003498761
10,600000042413086
10,600000047032124
10,600000047479632
10,600000047486787
10,60000004747952
10,600000047032456
10,600000042412402
10,600000034987389
10,600000038272794
10,600000046579632
10,600000051614913
10,600000052091055
10,6000000520916
10,600000052090973
10,600000051615124
10,60000004657981
10,600000038272826
10,600000034987284
10,600000042412871
10,60000004703245
10,600000047479641
10,600000047486525
10,600000047479584
10,600000047032415
10,600000042412574
10,600000034987012
10,600000028444962
10,600000034996404
10,600000038745614
10,600000039210146
10,600000039220925
10,60000003921066
10,600000038745486
10,600000034996105
10,60000002844486
10,800000028804003
10,800000035548264
10,800000039345756
10,800000039803152
10,800000039814169
10,800000039803118
10,80000003934529
10,8000000355483
10,800000028804082
10,800000035538895
10,800000043237945
10,800000047930459
10,800000048366512
10,800000048374518
10,800000048366392
10,800000047930789
10,800000043237258
10,800000035538675
10,800000038880311
10,800000047489444
10,800000052605824
10,800000053069551
10,80000005307102
10,800000053069466
10,800000052606023
10,800000047489627
10,800000038880343
10,800000035538597
10,80000004323772
10,80000004793078
10,800000048366519
10,800000048374264
10,800000048366444
10,800000047930752
10,800000043237427
10,800000035538279
10,800000028804064
10,80000003554812
10,800000039345809
10,800000039802628
10,800000039813725
10,800000039803125
10,800000039345703
10,800000035547807
10,800000028804005
11,00000002915242
11,0000000360944
11,000000039938385
11,000000040387224
11,000000040398696
11,000000040387214
11,00000003993792
11,000000036094423
11,000000029152487
11,0000000360845
11,0000000440681
11,000000048832439
11,000000049256009
11,000000049264987
11,000000049255869
11,000000048832785
11,000000044067402
11,000000036084298
11,000000039480993
11,000000048403946
11,000000053599598
11,000000054049806
11,000000054052322
11,000000054049728
11,000000053599775
11,000000048404146
11,000000039481025
11,000000036084243
11,000000044067853
11,000000048832765
11,000000049256002
11,000000049264747
11,000000049255913
11,00000004883274
11,000000044067574
11,00000003608387
11,000000029152442
11,000000036094262
11,000000039938442
11,00000004038674
11,000000040398216
11,000000040387224
11,000000039938358
11,000000036093924
11,000000029152437
11,200000029489747
11,200000036634739
11,20000004052313
11,200000040962601
11,200000040974594
11,200000040962614
11,200000040522655
11,200000036634757
11,200000029489814
11,20000003662423
11,200000044903865
11,200000049738223
11,20000005014827
11,200000050158355
11,200000050148107
11,20000004973859
11,200000044903147
11,200000036624042
11,200000040074508
11,200000049323304
11,200000054596222
11,200000055031785
11,200000055035511
11,200000055031731
11,200000054596371
11,200000049323522
11,200000040074531
11,200000036624006
11,200000044903604
11,20000004973853
11,200000050148263
11,200000050158119
11,20000005014815
11,20000004973852
11,200000044903325
11,200000036623587
11,200000029489747
11,200000036634602
11,200000040523197
11,200000040962147
11,200000040974084
11,200000040962616
11,200000040523124
11,200000036634254
11,200000029489786
11,40000002981561
11,400000037169084
11,400000041099645
11,400000041528944
11,400000041541533
11,400000041528969
11,400000041099162
11,400000037169102
11,400000029815665
11,40000003715787
11,400000045745546
11,400000050647977
11,40000005104347
11,400000051054793
11,400000051043277
11,400000050648364
11,400000045744811
11,400000037157703
11,400000040660489
11,400000050247685
11,400000055595642
11,40000005601547
11,40000005602055
11,400000056015438
11,400000055595763
11,400000050247925
11,400000040660514
11,400000037157673
11,40000004574526
11,40000005064828
11,400000051043461
11,400000051054562
11,400000051043335
11,40000005064827
11,400000045745006
11,400000037157218
11,400000029815578
11,400000037168965
11,400000041099709
11,400000041528516
11,400000041540991
11,400000041528955
11,400000041099664
11,400000037168583
11,400000029815661
11,600000030129594
11,600000037697223
11,600000041667558
11,60000004208589
11,60000004209915
11,600000042085943
11,600000041667066
11,600000037697221
11,600000030129646
11,600000037685197
11,600000046593502
11,600000051561866
11,600000051941773
11,600000051954487
11,600000051941544
11,600000051562272
11,600000046592754
11,600000037685055
11,600000041238566
11,600000051177243
11,600000056597823
11,600000057000829
11,600000057007414
11,600000057000818
11,600000056597924
11,600000051177503
11,600000041238589
11,600000037685025
11,6000000465932
11,60000005156216
11,600000051941764
11,600000051954257
11,60000005194163
11,600000051562144
11,600000046592958
11,600000037684543
11,600000030129538
11,600000037697109
11,60000004166764
11,60000004208549
11,600000042098598
11,600000042085904
11,600000041667611
11,600000037696704
11,600000030129667
11,800000030431294
11,800000038218927
11,800000042226506
11,800000042633071
11,800000042647097
11,800000042633151
11,800000042225994
11,800000038218906
11,800000030431345
11,80000003820598
11,800000047448087
11,800000052480076
11,80000005284336
11,800000052857639
11,800000052843105
11,800000052480497
11,800000047447332
11,80000003820586
11,800000041808344
11,800000052112152
11,800000057602716
11,80000005798781
11,800000057996074
11,800000057987834
11,800000057602794
11,80000005211243
11,80000004180838
11,80000003820583
11,800000047447787
11,800000052480355
11,800000052843357
11,80000005285741
11,80000005284321
11,800000052480353
11,800000047447542
11,800000038205324
11,800000030431208
11,800000038218815
11,800000042226594
11,800000042632707
11,800000042646513
11,800000042633096
11,800000042226575
11,80000003821839
11,800000030431384
12,00000003072027
12,000000038733958
12,00000004277608
12,000000043170113
12,000000043184986
12,000000043170221
12,000000042775543
12,000000038733914
12,000000030720326
12,000000038719985
12,000000048309694
12,000000053402786
12,000000053748444
12,000000053764442
12,000000053748161
12,000000053403225
12,000000048308936
12,000000038719879
12,000000042369408
12,000000053052581
12,000000058610256
12,000000058976385
12,000000058986492
12,000000058976443
12,000000058610311
12,000000053052883
12,000000042369454
12,000000038719834
12,000000048309406
12,00000005340305
12,000000053748435
12,00000005376423
12,000000053748277
12,000000053403063
12,00000004830915
12,000000038719326
12,000000030720186
12,000000038733837
12,000000042776172
12,000000043169786
12,000000043184375
12,000000043170155
12,000000042776168
12,000000038733388
12,000000030720393
12,20000003099609
12,200000039242063
12,200000043315866
12,200000043696615
12,200000043712416
12,200000043696754
12,200000043315304
12,200000039242006
12,200000030996154
12,200000039226966
12,200000049178737
12,2000000543302
12,200000054657227
12,200000054675115
12,200000054656913
12,200000054330646
12,20000004917798
12,200000039226856
12,200000042921333
12,200000053998714
12,200000059620379
12,200000059966483
12,200000059978628
12,200000059966575
12,200000059620404
12,200000053999036
12,20000004292138
12,200000039226794
12,200000049178469
12,200000054330442
12,200000054657226
12,200000054674907
12,200000054657046
12,20000005433048
12,200000049178188
12,200000039226293
12,20000003099601
12,200000039241935
12,200000043315967
12,20000004369631
12,200000043711789
12,200000043696672
12,200000043315958
12,200000039241473
12,200000030996241
12,4000000312583
12,400000039742988
12,400000043845433
12,40000004421215
12,400000044228983
12,400000044212323
12,400000043844853
12,40000003974292
12,400000031258369
12,400000039726637
12,400000050055654
12,400000055262506
12,40000005556994
12,40000005558988
12,400000055569599
12,400000055262968
12,40000005005489
12,400000039726528
12,400000043463647
12,400000054950729
12,400000060633001
12,400000060958051
12,400000060972431
12,400000060958178
12,40000006063298
12,400000054951077
12,400000043463706
12,400000039726452
12,400000050055413
12,400000055262716
12,400000055569953
12,400000055589683
12,400000055569732
12,400000055262803
12,400000050055093
12,400000039725965
12,400000031258227
12,400000039742842
12,400000043845539
12,400000044211875
12,40000004422833
12,400000044212236
12,400000043845523
12,400000039742382
12,400000031258461
12,600000031506422
12,600000040236456
12,600000044364316
12,600000044716305
12,600000044734244
12,600000044716506
12,600000044363716
12,600000040236381
12,600000031506497
12,600000040218726
12,600000050940904
12,600000056199928
12,600000056486815
12,600000056508996
12,600000056486447
12,600000056200397
12,60000005094014
12,600000040218623
12,600000043995871
12,600000055908811
12,60000006164802
12,60000006195102
12,600000061967824
12,600000061951176
12,600000061647956
12,600000055909174
12,600000043995948
12,600000040218534
12,600000050940697
12,60000005620011
12,600000056486836
12,600000056508799
12,600000056486582
12,600000056200225
12,600000050940345
12,600000040218054
12,60000003150635
12,600000040236292
12,600000044364435
12,600000044716053
12,600000044733575
12,600000044716406
12,60000004436442
12,600000040235823
12,600000031506609
12,800000031739968
12,80000004072218
12,800000044872043
12,800000045208618
12,800000045227765
12,800000045208831
12,800000044871435
12,800000040722102
12,800000031740046
12,800000040702955
12,800000051834989
12,80000005714268
12,800000057408107
12,800000057432694
12,800000057407722
12,800000057143151
12,800000051834223
12,80000004070285
12,800000044517505
12,800000056873161
12,800000062665308
12,800000062945314
12,80000006296475
12,800000062945488
12,800000062665225
12,800000056873534
12,800000044517606
12,800000040702752
12,8000000518348
12,800000057142844
12,80000005740814
12,8000000574325
12,800000057407864
12,800000057142958
12,800000051834457
12,800000040702262
12,800000031739897
12,80000004072201
12,800000044872174
12,800000045208384
12,800000045227092
12,800000045208725
12,800000044872183
12,8000000407215
12,800000031740192
13,000000031958422
13,000000041199863
13,000000045368123
13,000000045688603
13,000000045709069
13,000000045688832
13,000000045367498
13,000000041199776
13,000000031958507
13,000000041179014
13,000000052738413
13,000000058091006
13,000000058334088
13,000000058361262
13,000000058333693
13,000000058091462
13,000000052737661
13,0000000411789
13,000000045028015
13,000000057843973
13,000000063684743
13,000000063940833
13,000000063963109
13,00000006394103
13,000000063684647
13,000000057844348
13,000000045028132
13,000000041178813
13,000000052738242
13,000000058091153
13,000000058334138
13,000000058361064
13,000000058333832
13,000000058091258
13,000000052737914
13,00000004117831
13,000000031958361
13,000000041199685
13,000000045368253
13,000000045688386
13,000000045708386
13,000000045688724
13,000000045368282
13,00000004119915
13,000000031958672
13,200000032161263
13,200000041669202
13,200000045852017
13,200000046155779
13,200000046177655
13,200000046156026
13,200000045851388
13,200000041669092
13,200000032161364
13,200000041646609
13,200000053651731
13,20000005904514
13,200000059265035
13,200000059294979
13,200000059264633
13,200000059045587
13,200000053651001
13,200000041646488
13,200000045526837
13,200000058821454
13,20000006470618
13,2000000649375
13,200000064962811
13,200000064937718
13,200000064706082
13,200000058821814
13,20000004552698
13,200000041646401
13,200000053651564
13,200000059045275
13,200000059265113
13,200000059294778
13,200000059264777
13,200000059045363
13,200000053651268
13,20000004164588
13,200000032161226
13,200000041669018
13,200000045852153
13,200000046155578
13,200000046176973
13,200000046155912
13,200000045852194
13,200000041668453
13,200000032161531
13,400000032347942
13,40000004212986
13,40000004632318
13,400000046609632
13,400000046633016
13,400000046609884
13,40000004632255
13,40000004212973
13,40000003234807
13,4000000421054
13,400000054575523
13,400000060005343
13,400000060201268
13,400000060234152
13,400000060200856
13,400000060005773
13,400000054574814
13,400000042105265
13,400000046013384
13,400000059805803
13,400000065729454
13,400000065935203
13,400000065963741
13,400000065935439
13,400000065729362
13,400000059806146
13,400000046013549
13,400000042105196
13,400000054575347
13,400000060005475
13,400000060201359
13,400000060233944
13,400000060201
13,400000060005535
13,400000054575095
13,400000042104647
13,40000003234792
13,400000042129667
13,400000046323315
13,400000046609446
13,400000046632334
13,400000046609776
13,400000046323369
13,400000042129085
13,400000032348231
13,600000032517894
13,600000042581515
13,600000046781036
13,600000047049623
13,600000047074605
13,600000047049882
13,600000046780403
13,600000042581357
13,600000032518041
13,600000042555054
13,600000055510394
13,600000060971881
13,60000006114309
13,600000061179117
13,600000061142673
13,600000060972297
13,600000055509703
13,600000042554898
13,600000046487049
13,600000060797226
13,60000006675441
13,600000066933836
13,600000066965771
13,600000066934083
13,600000066754308
13,60000006079757
13,600000046487242
13,600000042554845
13,600000055510232
13,600000060972011
13,600000061143195
13,600000061178912
13,600000061142815
13,600000060972048
13,600000055510018
13,60000004255428
13,600000032517894
13,6000000425813
13,600000046781167
13,600000047049456
13,600000047073914
13,600000047049793
13,600000046781215
13,600000042580708
13,6000000325182
13,800000032670535
13,800000043023799
13,800000047224968
13,800000047475185
13,800000047501873
13,800000047475459
13,800000047224337
13,800000043023614
13,800000032670718
13,800000042995206
13,800000056457002
13,800000061945024
13,800000062090865
13,800000062130183
13,800000062090426
13,800000061945438
13,800000056456323
13,800000042995032
13,800000046947176
13,800000061795952
13,80000006778084
13,800000067933249
13,800000067968789
13,800000067933523
13,800000067780736
13,80000006179628
13,800000046947396
13,800000042994983
13,800000056456856
13,800000061945152
13,800000062090975
13,800000062129987
13,800000062090565
13,800000061945171
13,800000056456664
13,800000042994407
13,800000032670562
13,800000043023559
13,800000047225106
13,80000004747503
13,80000004750117
13,800000047475383
13,800000047225144
13,800000043022958
13,800000032670857
14,000000032805255
14,000000043456335
14,000000047654348
14,000000047885745
14,000000047914204
14,000000047886036
14,000000047653723
14,000000043456119
14,00000003280547
14,000000043425493
14,000000057416019
14,000000062925087
14,000000063044931
14,000000063087727
14,000000063044482
14,000000062925487
14,000000057415356
14,000000043425285
14,000000047393083
14,00000006280221
14,000000068808529
14,00000006893331
14,000000068972646
14,000000068933605
14,000000068808424
14,000000062802522
14,000000047393321
14,000000043425263
14,000000057415896
14,000000062925203
14,000000063045063
14,000000063087525
14,000000063044624
14,000000062925197
14,000000057415726
14,000000043424668
14,000000032805314
14,000000043456055
14,000000047654515
14,000000047885585
14,00000004791352
14,000000047885948
14,00000004765453
14,000000043455467
14,000000032805593
14,200000032921436
14,200000043878719
14,200000048068517
14,200000048280678
14,200000048311017
14,200000048280993
14,200000048067894
14,200000043878473
14,200000032921688
14,200000043845515
14,200000058388191
14,200000063912356
14,200000064005689
14,200000064052114
14,200000064005225
14,200000063912734
14,200000058387563
14,20000004384528
14,200000047824053
14,200000063816214
14,20000006983724
14,200000069933864
14,20000006997719
14,200000069934186
14,200000069837133
14,200000063816512
14,200000047824314
14,20000004384529
14,200000058388081
14,200000063912471
14,200000064005824
14,200000064051908
14,200000064005371
14,20000006391244
14,20000005838793
14,200000043844675
14,200000032921512
14,200000043878411
14,200000048068695
14,200000048280526
14,200000048310345
14,200000048280891
14,200000048068695
14,200000043877823
14,200000032921778
14,400000033018422
14,400000044290543
14,400000048466763
14,400000048659361
14,400000048691638
14,40000004865969
14,400000048466154
14,400000044290271
14,400000033018703
14,400000044254876
14,400000059374271
14,40000006490716
14,400000064973527
14,400000065023756
14,400000064973066
14,400000064907516
14,400000059373678
14,400000044254599
14,400000048239338
14,4000000648382
14,4000000708667
14,400000070934754
14,400000070982216
14,400000070935091
14,400000070866591
14,400000064838489
14,400000048239608
14,400000044254643
14,400000059374184
14,400000064907275
14,40000006497366
14,40000006502354
14,400000064973218
14,400000064907209
14,40000005937405
14,40000004425402
14,400000033018513
14,400000044290199
14,400000048466975
14,40000004865921
14,400000048690995
14,40000004865958
14,400000048466946
14,400000044289634
14,400000033018769
14,600000033095549
14,600000044691363
14,600000048848369
14,600000049021121
14,600000049055406
14,600000049021462
14,600000048847768
14,600000044691061
14,600000033095874
14,600000044653122
14,600000060375098
14,600000065909827
14,600000065948885
14,600000066003066
14,600000065948448
14,600000065910162
14,600000060374532
14,600000044652809
14,60000004863816
14,600000065868391
14,600000071896632
14,6000000719358
14,600000071987544
14,600000071936147
14,600000071896513
14,600000065868679
14,60000004863843
14,60000004465291
14,600000060375026
14,600000065909944
14,600000065949029
14,600000066002854
14,60000006594858
14,600000065909855
14,6000000603749
14,600000044652278
14,600000033095641
14,600000044690997
14,6000000488486
14,600000049020984
14,600000049054774
14,600000049021356
14,600000048848546
14,600000044690447
14,600000033095883
14,800000033152113
14,800000045080724
14,800000049212553
14,800000049365273
14,800000049401618
14,800000049365607
14,800000049211972
14,800000045080402
14,80000003315247
14,800000045039829
14,80000006139152
14,80000006692072
14,800000066932228
14,80000006699049
14,800000066931826
14,800000066921015
14,800000061390989
14,80000004503948
14,800000049019676
14,800000066907057
14,80000007292672
14,800000072936788
14,800000072992953
14,800000072937134
14,80000007292661
14,800000066907314
14,800000049019948
14,800000045039631
14,800000061391458
14,80000006692084
14,800000066932373
14,800000066990293
14,800000066931934
14,80000006692073
14,800000061391337
14,800000045039
14,800000033152212
14,800000045080335
14,800000049212809
14,800000049365137
14,800000049401
14,800000049365508
14,800000049212722
14,800000045079813
14,800000033152434
15,0000000331874
15,000000045458147
15,000000049558524
15,000000049691078
15,00000004972953
15,0000000496914
15,000000049557968
15,000000045457792
15,000000033187778
15,00000004541452
15,000000062424444
15,0000000679402
15,000000067924036
15,000000067986505
15,000000067923681
15,00000006794047
15,000000062423947
15,000000045414149
15,000000049383017
15,000000067954412
15,000000073956615
15,000000073937521
15,000000073998205
15,00000007393786
15,000000073956516
15,00000006795465
15,000000049383294
15,00000004541434
15,000000062424405
15,00000006794032
15,000000067924205
15,000000067986308
15,000000067923766
15,00000006794019
15,000000062424276
15,00000004541371
15,000000033187495
15,000000045457728
15,0000000495588
15,000000049690945
15,000000049728921
15,000000049691327
15,000000049558677
15,000000045457242
15,00000003318771
15,200000033200668
15,200000045823112
15,200000049885436
15,20000004999778
15,200000050038376
15,200000049998085
15,200000049884894
15,200000045822748
15,200000033201043
15,200000045776697
15,200000063474837
15,20000006896864
15,20000006892484
15,200000068991605
15,200000068924524
15,200000068968894
15,200000063474365
15,200000045776335
15,20000004972728
15,200000069010732
15,20000007498595
15,200000074937757
15,200000075003045
15,200000074938108
15,200000074985844
15,200000069010951
15,20000004972754
15,200000045776555
15,200000063474796
15,200000068968768
15,200000068925016
15,200000068991404
15,200000068924579
15,200000068968617
15,200000063474688
15,200000045775917
15,200000033200745
15,200000045822685
15,200000049885723
15,20000004999765
15,200000050037772
15,200000049998044
15,20000004988558
15,200000045822222
15,200000033200952
15,400000033191144
15,400000046175075
15,400000050192407
15,40000005028459
15,400000050327339
15,400000050284875
15,400000050191865
15,400000046174725
15,400000033191509
15,400000046125866
15,400000064543729
15,400000070006456
15,400000069935194
15,400000070006287
15,400000069934926
15,400000070006703
15,40000006454327
15,400000046125498
15,400000050051485
15,400000070076256
15,400000076014313
15,400000075937266
15,400000076007187
15,400000075937614
15,400000076014194
15,400000070076471
15,400000050051739
15,40000004612575
15,400000064543692
15,400000070006575
15,400000069935382
15,400000070006095
15,400000069934945
15,400000070006415
15,400000064543573
15,400000046125106
15,400000033191196
15,40000004617466
15,400000050192705
15,400000050284461
15,40000005032674
15,400000050284868
15,400000050192522
15,400000046174231
15,400000033191395
15,600000033158015
15,600000046513493
15,600000050478489
15,600000050550667
15,600000050595554
15,600000050550943
15,600000050477963
15,600000046513157
15,600000033158377
15,60000004646146
15,600000065632189
15,600000071054081
15,600000070955673
15,600000071031134
15,600000070955447
15,600000071054303
15,600000065631747
15,600000046461103
15,600000050354653
15,60000007115123
15,600000077041264
15,600000076935748
15,600000077010339
15,60000007693609
15,600000077041145
15,600000071151449
15,600000050354891
15,600000046461384
15,600000065632145
15,600000071054188
15,600000070955897
15,600000071030925
15,60000007095545
15,600000071053989
15,600000065632058
15,600000046460714
15,600000033158032
15,6000000465131
15,600000050478789
15,600000050550527
15,600000050594987
15,600000050550948
15,60000005047861
15,60000004651267
15,600000033158254
15,800000033100458
15,800000046837775
15,800000050742701
15,80000005079515
15,800000050842158
15,80000005079541
15,800000050742197
15,800000046837434
15,800000033100833
15,800000046782936
15,800000066741363
15,80000007211195
15,800000071986906
15,800000072066695
15,800000071986718
15,80000007211215
15,800000066740951
15,800000046782563
15,80000005063569
15,800000072235946
15,800000078066324
15,800000077932928
15,800000078012163
15,800000077933264
15,800000078066196
15,800000072236152
15,800000050635942
15,800000046782891
15,800000066741301
15,80000007211204
15,800000071987146
15,80000007206649
15,800000071986704
15,800000072111814
15,800000066741248
15,800000046782193
15,80000003310045
15,800000046837402
15,800000050743016
15,800000050795003
15,800000050841602
15,800000050795436
15,800000050742822
15,80000004683698
15,800000033100694
16,000000033017624
16,00000004714729
16,00000005098404
16,000000051017118
16,000000051066202
16,00000005101737
16,00000005098355
16,000000047146944
16,000000033018004
16,00000004708968
16,000000067872456
16,000000073180527
16,000000073029543
16,000000073113593
16,000000073029405
16,00000007318071
16,000000067872072
16,000000047089312
16,000000050893505
16,000000073330664
16,000000079088966
16,000000078928483
16,00000007901232
16,00000007892881
16,00000007908884
16,000000073330863
16,000000050893764
16,000000047089685
16,00000006787237
16,000000073180576
16,000000073029806
16,000000073113394
16,000000073029394
16,000000073180352
16,00000006787237
16,000000047088957
16,000000033017585
16,00000004714694
16,00000005098436
16,000000051016976
16,000000051065662
16,000000051017413
16,00000005098415
16,000000047146514
16,000000033017844
16,20000003290861
16,200000047441375
16,200000051201396
16,200000051215632
16,20000005126672
16,200000051215873
16,200000051200938
16,200000047441016
16,200000032908996
16,20000004738109
16,200000069026753
16,200000074260277
16,200000074084297
16,200000074172486
16,200000074084187
16,20000007426047
16,20000006902639
16,20000004738072
16,200000051126946
16,200000074435653
16,200000080108627
16,20000007992209
16,2000000800104
16,200000079922393
16,20000008010849
16,200000074435845
16,200000051127184
16,20000004738112
16,200000069026643
16,200000074260323
16,200000074084596
16,200000074172276
16,200000074084198
16,200000074260085
16,20000006902669
16,20000004738036
16,200000032908555
16,200000047441055
16,20000005120174
16,2000000512155
16,20000005126618
16,20000005121592
16,20000005120151
16,20000004744062
16,20000003290882
16,400000032772503
16,400000047719317
16,400000051393672
16,400000051389696
16,40000005144267
16,400000051389927
16,40000005139324
16,400000047718972
16,400000032772905
16,40000004765649
16,400000070205607
16,40000007535174
16,400000075151908
16,400000075244044
16,400000075151826
16,40000007535193
16,400000070205262
16,400000047656107
16,400000051334768
16,40000007555119
16,400000081124695
16,400000080913387
16,400000081005963
16,40000008091368
16,40000008112456
16,400000075551375
16,400000051334988
16,400000047656533
16,400000070205476
16,400000075351752
16,40000007515222
16,40000007524383
16,40000007515185
16,400000075351517
16,40000007020557
16,400000047655773
16,40000003277244
16,40000004771902
16,400000051394024
16,40000005138958
16,40000005144214
16,400000051389974
16,400000051393803
16,40000004771859
16,40000003277273
16,600000032608364
16,600000047980394
16,60000005155967
16,600000051538267
16,600000051592975
16,600000051538498
16,60000005155924
16,60000004798008
16,60000003260875
16,600000047915184
16,60000007141044
16,600000076455434
16,60000007623315
16,600000076329017
16,600000076233098
16,600000076455633
16,600000071410093
16,600000047914826
16,600000051515703
16,60000007667754
16,600000082136518
16,600000081901975
16,600000081998562
16,600000081902262
16,600000082136372
16,60000007667774
16,60000005151591
16,600000047915238
16,600000071410296
16,600000076455427
16,600000076233492
16,600000076328765
16,600000076233144
16,60000007645519
16,600000071410427
16,600000047914474
16,600000032608296
16,600000047980135
16,600000051560038
16,600000051538146
16,600000051592467
16,60000005153854
16,600000051559817
16,600000047979684
16,60000003260861
16,800000032415227
16,80000004822382
16,800000051698156
16,800000051660252
16,800000051716516
16,800000051660476
16,800000051697733
16,800000048223566
16,800000032415554
16,80000004815644
16,800000072642806
16,80000007757192
16,800000077328885
16,800000077428134
16,800000077328836
16,800000077572143
16,800000072642426
16,800000048156136
16,8000000516684
16,800000077815
16,800000083143384
16,800000082887443
16,800000082987708
16,80000008288773
16,80000008314324
16,80000007781522
16,800000051668558
16,80000004815651
16,800000072642632
16,800000077571916
16,800000077329223
16,800000077427864
16,80000007732891
16,800000077571664
16,800000072642792
16,80000004815577
16,800000032415145
16,800000048223584
16,800000051698525
16,80000005166013
16,800000051716033
16,800000051660497
16,800000051698316
16,80000004822314
16,800000032415472
17,000000032192037
17,00000004844879
17,000000051807813
17,000000051754512
17,00000005181209
17,00000005175475
17,0000000518074
17,000000048448584
17,000000032192318
17,000000048379516
17,000000073904264
17,00000007870179
17,00000007843997
17,00000007854224
17,00000007843992
17,00000007870203
17,000000073903866
17,00000004837925
17,00000005179143
17,000000078963847
17,00000008414456
17,00000008386935
17,000000083972846
17,000000083869633
17,0000000841444
17,00000007896409
17,00000005179157
17,000000048379583
17,000000073904083
17,00000007870177
17,000000078440316
17,000000078541945
17,00000007844002
17,000000078701525
17,00000007390426
17,000000048378865
17,000000032191977
17,00000004844857
17,000000051808176
17,000000051754398
17,00000005181163
17,00000005175475
17,00000005180799
17,00000004844813
17,0000000321923
17,20000003193778
17,20000004865444
17,20000005188727
17,200000051819874
17,200000051878465
17,2000000518201
17,200000051886853
17,200000048654278
17,200000031938018
17,2000000485836
17,20000007519652
17,20000007984566
17,200000079567356
17,200000079672137
17,200000079567314
17,20000007984593
17,200000075196105
17,200000048583373
17,20000005188334
17,200000080124358
17,200000085139195
17,20000008484723
17,20000008495341
17,200000084847503
17,20000008513902
17,200000080124617
17,200000051883443
17,200000048583654
17,20000007519636
17,20000007984564
17,200000079567705
17,200000079671824
17,200000079567438
17,2000000798454
17,200000075196527
17,200000048582975
17,200000031937712
17,20000004865421
17,20000005188763
17,200000051819735
17,200000051878057
17,20000005182007
17,200000051887468
17,2000000486538
17,200000031938053
17,40000003165133
17,400000048839857
17,4000000519351
17,400000051855066
17,400000051914315
17,400000051855283
17,400000051934683
17,40000004883972
17,40000003165155
17,40000004876786
17,400000076521373
17,400000081004162
17,400000080712047
17,400000080818735
17,400000080712
17,400000081004464
17,400000076520964
17,400000048767637
17,400000051942556
17,400000081296813
17,400000086126457
17,400000085820526
17,400000085928777
17,400000085820817
17,40000008612626
17,400000081297087
17,40000005194264
17,4000000487679
17,40000007652123
17,400000081004134
17,40000008071241
17,400000080818398
17,40000008071215
17,4000000810039
17,400000076521405
17,400000048767218
17,400000031651288
17,400000048839594
17,400000051935457
17,400000051854907
17,400000051913963
17,40000005185524
17,400000051935297
17,400000048839217
17,400000031651622
17,600000031331614
17,600000049004024
17,600000051949763
17,600000051858807
17,600000051918304
17,60000005185899
17,60000005194935
17,600000049003935
17,600000031331792
17,600000048931378
17,600000077880747
17,600000082177978
17,600000081875088
17,60000008198299
17,600000081875056
17,60000008217831
17,60000007788032
17,600000048931175
17,60000005196745
17,6000000824815
17,600000087105364
17,600000086788754
17,60000008689826
17,600000086789045
17,60000008710515
17,600000082481788
17,600000051967516
17,600000048931406
17,6000000778806
17,600000082177957
17,600000081875464
17,600000081982635
17,600000081875212
17,600000082177722
17,60000007788078
17,600000048930738
17,600000031331568
17,60000004900379
17,600000051950122
17,600000051858625
17,600000051917988
17,600000051858924
17,60000005194999
17,600000049003413
17,60000003133192
17,80000003097743
17,80000004914596
17,800000051929686
17,80000005182969
17,80000005188896
17,80000005182985
17,8000000519293
17,800000049145897
17,800000030977603
17,80000004907323
17,800000079276614
17,80000008336781
17,800000083057622
17,80000008316586
17,800000083057586
17,80000008336815
17,800000079276213
17,800000049073024
17,8000000519563
17,80000008367872
17,8000000880749
17,800000087751304
17,80000008786117
17,800000087751574
17,800000088074693
17,80000008367902
17,800000051956385
17,800000049073265
17,80000007927648
17,800000083367806
17,80000008305799
17,800000083165504
17,800000083057757
17,80000008336757
17,80000007927665
17,800000049072597
17,800000030977394
17,80000004914574
17,800000051930034
17,80000005182949
17,800000051888695
17,800000051829763
17,80000005192995
17,800000049145382
17,80000003097777
18,000000030587625
18,00000004926456
18,000000051873222
18,0000000517663
18,00000005182479
18,00000005176643
18,00000005187287
18,00000004926453
18,000000030587774
18,00000004919243
18,000000080711143
18,000000084574403
18,000000084260826
18,00000008436843
18,000000084260815
18,00000008457474
18,00000008071077
18,000000049192206
18,00000005190733
18,000000084888743
18,000000089034007
18,000000088707537
18,000000088816712
18,000000088707782
18,0000000890338
18,00000008488903
18,000000051907428
18,00000004919245
18,000000080710993
18,000000084574424
18,000000084261167
18,000000084368082
18,00000008426098
18,000000084574175
18,000000080711178
18,000000049191797
18,000000030587582
18,00000004926437
18,00000005187353
18,000000051766104
18,00000005182456
18,000000051766328
18,000000051873506
18,000000049264
18,000000030587984
18,200000030160936
18,20000004935868
18,200000051778595
18,200000051667118
18,200000051724214
18,20000005166721
18,200000051778282
18,200000049358653
18,200000030161082
18,200000049287908
18,20000008218655
18,20000008579854
18,20000008548597
18,200000085591782
18,200000085485975
18,200000085798855
18,20000008218625
18,200000049287667
18,20000005181866
18,200000086111856
18,200000089981497
18,200000089656804
18,200000089764053
18,200000089657017
18,200000089981327
18,20000008611212
18,20000005181877
18,200000049287926
18,20000008218641
18,200000085798578
18,200000085486266
18,200000085591455
18,20000008548613
18,200000085798308
18,2000000821866
18,200000049287294
18,200000030160894
18,20000004935851
18,20000005177888
18,200000051666937
18,200000051723997
18,200000051667097
18,200000051778915
18,200000049358135
18,200000030161306
18,40000002969611
18,400000049427064
18,400000051644007
18,400000051530558
18,400000051585554
18,40000005153063
18,40000005164372
18,400000049427067
18,40000002969624
18,40000004935855
18,400000083705287
18,400000087041008
18,400000086734398
18,40000008683709
18,400000086734412
18,400000087041306
18,400000083705002
18,40000004935832
18,400000051688327
18,400000087348303
18,40000009091615
18,400000090598397
18,40000009070233
18,400000090598564
18,400000090916013
18,400000087348566
18,40000005168843
18,400000049358574
18,400000083705137
18,400000087041057
18,400000086734657
18,400000086836773
18,40000008673455
18,400000087040773
18,400000083705315
18,40000004935799
18,40000002969606
18,400000049426943
18,40000005164424
18,400000051530387
18,400000051585366
18,400000051530508
18,400000051644334
18,400000049426577
18,400000029696457
18,60000002919182
18,600000049468463
18,60000005146751
18,600000051354975
18,60000005140706
18,60000005135503
18,60000005146725
18,60000004946848
18,600000029191943
18,60000004940322
18,600000085269848
18,600000088302647
18,600000088007523
18,60000008810555
18,600000088007558
18,600000088302924
18,60000008526958
18,600000049403
18,600000051514247
18,600000088598392
18,600000091836662
18,600000091531527
18,600000091630562
18,60000009153164
18,600000091836534
18,600000088598627
18,600000051514346
18,600000049403246
18,600000085269695
18,600000088302682
18,600000088007768
18,600000088105247
18,600000088007686
18,600000088302437
18,600000085269862
18,60000004940271
18,600000029191776
18,600000049468363
18,60000005146772
18,600000051354815
18,600000051406912
18,600000051354897
18,600000051467823
18,600000049468022
18,600000029192145
18,800000028646718
18,80000004948147
18,800000051247093
18,80000005113863
18,800000051186895
18,800000051138657
18,800000051246883
18,800000049481515
18,800000028646828
18,800000049420667
18,80000008688291
18,800000089584348
18,80000008930688
18,800000089398473
18,800000089306916
18,800000089584614
18,80000008688265
18,800000049420476
18,800000051294273
18,800000089862344
18,80000009274158
18,800000092455385
18,800000092547734
18,800000092455484
18,800000092741474
18,800000089862582
18,800000051294344
18,800000049420696
18,80000008688278
18,800000089584362
18,800000089307105
18,80000008939819
18,80000008930703
18,80000008958417
18,800000086882896
18,800000049420245
18,800000028646668
18,800000049481405
18,800000051247284
18,80000005113847
18,800000051186775
18,800000051138543
18,800000051247384
18,8000000494811
18,80000002864699
19,00000002805941
19,000000049464663
19,000000050980624
19,00000005087968
19,00000005092315
19,000000050879695
19,00000005098044
19,00000004946472
19,000000028059482
19,000000049409604
19,00000008854731
19,000000090887045
19,000000090634096
19,000000090717208
19,00000009063412
19,000000090887298
19,00000008854706
19,00000004940945
19,000000051026124
19,00000009114045
19,000000093629396
19,0000000933691
19,000000093452748
19,000000093369167
19,000000093629296
19,00000009114066
19,000000051026174
19,000000049409635
19,00000008854721
19,00000009088705
19,000000090634288
19,000000090716945
19,00000009063422
19,0000000908869
19,000000088547303
19,000000049409262
19,000000028059358
19,000000049464607
19,000000050980784
19,00000005087953
19,000000050923042
19,000000050879578
19,00000005098089
19,000000049464354
19,000000028059628
19,20000002742845
19,200000049416474
19,200000050665885
19,200000050576204
19,20000005061378
19,200000050576215
19,20000005066574
19,200000049416534
19,200000027428512
19,200000049368654
19,200000090266048
19,200000092211734
19,200000091990848
19,200000092063185
19,20000009199088
19,200000092211937
19,200000090265835
19,200000049368533
19,20000005070742
19,200000092432933
19,20000009449849
19,20000009427175
19,20000009434445
19,200000094271797
19,2000000944984
19,200000092433122
19,200000050707448
19,20000004936869
19,20000009026597
19,200000092211713
19,200000091991008
19,200000092062968
19,200000091990958
19,2000000922116
19,20000009026604
19,200000049368384
19,200000027428402
19,20000004941643
19,20000005066602
19,200000050576087
19,200000050613674
19,20000005057612
19,2000000506661
19,200000049416218
19,2000000274286
19,40000002675237
19,400000049335265
19,40000005030052
19,400000050226208
19,40000005025664
19,400000050226236
19,400000050300417
19,40000004933532
19,400000026752398
19,400000049296352
19,400000092042333
19,40000009355938
19,400000093378964
19,400000093437924
19,400000093378967
19,40000009355955
19,400000092042156
19,400000049296267
19,400000050335706
19,400000093740033
19,40000009534712
19,400000095162355
19,400000095221536
19,400000095162387
19,400000095347057
19,400000093740193
19,40000005033571
19,40000004929639
19,400000092042266
19,400000093559367
19,400000093379067
19,400000093437757
19,40000009337905
19,400000093559274
19,400000092042344
19,400000049296153
19,40000002675231
19,40000004933524
19,40000005030062
19,400000050226136
19,400000050256548
19,40000005022614
19,400000050300708
19,400000049335073
19,40000002675246
19,60000002602962
19,600000049219293
19,600000049882095
19,60000004982761
19,600000049849484
19,60000004982762
19,600000049882027
19,600000049219336
19,60000002602963
19,600000049191173
19,600000093879522
19,600000094931097
19,600000094800347
19,600000094843033
19,600000094800347
19,6000000949312
19,600000093879412
19,60000004919112
19,600000049908317
19,60000009506198
19,600000096173442
19,600000096039864
19,600000096082674
19,600000096039906
19,600000096173403
19,600000095062086
19,600000049908317
19,600000049191205
19,60000009387948
19,600000094931076
19,6000000948004
19,600000094842912
19,600000094800393
19,600000094931012
19,60000009387953
19,600000049191056
19,600000026029555
19,600000049219293
19,600000049882155
19,600000049827567
19,60000004984941
19,60000004982756
19,600000049882215
19,60000004921918
19,600000026029658
19,80000002525862
19,800000049066725
19,800000049408016
19,800000049378173
19,800000049389958
19,800000049378184
19,800000049407977
19,80000004906675
19,80000002525862
19,800000049051494
19,800000095781204
19,80000009632797
19,800000096257012
19,80000009628019
19,80000009625701
19,800000096328024
19,800000095781144
19,80000004905147
19,800000049422568
19,80000009639896
19,800000096975488
19,8000000969032
19,800000096926404
19,80000009690322
19,800000096975463
19,800000096399017
19,800000049422557
19,80000004905151
19,800000095781183
19,800000096327967
19,800000096257037
19,80000009628012
19,800000096257044
19,800000096327913
19,800000095781208
19,800000049051445
19,800000025258594
19,800000049066732
19,80000004940803
19,800000049378152
19,800000049389926
19,80000004937814
19,800000049408084
19,80000004906666
19,80000002525864
20,0000000244378
20,00000004887557
20,000000048875588
20,00000004887558
20,000000048875577
20,000000048875584
20,00000004887558
20,000000048875584
20,000000024437792
20,000000048875577
20,000000097751155
20,000000097751162
20,000000097751148
20,00000009775115
20,00000009775114
20,000000097751155
20,000000097751155
20,000000048875584
20,00000004887558
20,00000009775115
20,000000097751155
20,000000097751148
20,000000097751155
20,000000097751148
20,00000009775116
20,000000097751155
20,000000048875588
20,00000004887557
20,000000097751155
20,00000009775116
20,000000097751148
20,000000097751148
20,000000097751148
20,000000097751155
20,000000097751155
20,00000004887558
20,000000024437792
20,00000004887558
20,000000048875577
20,000000048875574
20,00000004887558
20,00000004887558
20,000000048875584
20,000000048875577
20,000000024437792
