5,62212149928158E-10
1,1244243015145955E-09
1,1244243019145634E-09
1,124424302057835E-09
1,1244243020755199E-09
1,1244243020578306E-09
1,1244243019145592E-09
1,124424301514594E-09
5,62212149928159E-10
1,1244243014968045E-09
2,2488486090399923E-09
2,2488486098752545E-09
2,248848610180657E-09
2,2488486102166026E-09
2,2488486101806467E-09
2,248848609875245E-09
2,2488486090399845E-09
1,1244243014967997E-09
1,1244243017533947E-09
2,248848609570445E-09
2,248848610455749E-09
2,248848610777346E-09
2,248848610814096E-09
2,248848610777332E-09
2,2488486104557426E-09
2,248848609570449E-09
1,1244243017533934E-09
1,1244243014967985E-09
2,2488486090399894E-09
2,2488486098752537E-09
2,2488486101806434E-09
2,2488486102166067E-09
2,2488486101806405E-09
2,248848609875246E-09
2,2488486090399832E-09
1,1244243014968024E-09
5,622121499281577E-10
1,1244243015145924E-09
1,1244243019145615E-09
1,1244243020578306E-09
1,1244243020755199E-09
1,1244243020578323E-09
1,1244243019145617E-09
1,1244243015145957E-09
5,6221214992816E-10
0,20000000117324343
0,20000000180971012
0,2000000018917719
0,20000000190791378
0,20000000190878134
0,2000000019079134
0,2000000018917711
0,20000000180971012
0,2000000011732443
0,2000000018087945
0,2000000029685358
0,20000000306591262
0,20000000308225022
0,2000000030831765
0,20000000308224947
0,20000000306591165
0,20000000296853493
0,2000000018087932
0,20000000187473446
0,20000000304944965
0,20000000315419572
0,20000000317170297
0,20000000317248348
0,20000000317170025
0,20000000315419517
0,20000000304945037
0,20000000187473438
0,20000000180879218
0,20000000296853582
0,2000000030659134
0,20000000308224766
0,2000000030831778
0,20000000308224827
0,2000000030659122
0,2000000029685345
0,2000000018087955
0,20000000117324457
0,20000000180970956
0,20000000189177092
0,2000000019079127
0,20000000190878156
0,2000000019079142
0,2000000018917725
0,20000000180971061
0,20000000117324437
0,4000000017829173
0,4000000024940811
0,4000000026577142
0,40000000269010916
0,4000000026918
0,4000000026901077
0,4000000026577126
0,400000002494081
0,40000000178291845
0,4000000024923067
0,4000000036898217
0,4000000038836295
0,40000000391653745
0,4000000039183052
0,400000003916536
0,40000000388362766
0,4000000036898196
0,40000000249230416
0,40000000262358704
0,40000000385046947
0,40000000405901304
0,4000000040942612
0,40000000409573516
0,40000000409425607
0,40000000405901237
0,40000000385047135
0,4000000026235852
0,400000002492303
0,40000000368982136
0,4000000038836309
0,40000000391653245
0,4000000039183078
0,4000000039165328
0,40000000388362866
0,40000000368981836
0,4000000024923088
0,40000000178291933
0,40000000249407974
0,4000000026577125
0,40000000269010655
0,4000000026918015
0,40000000269010894
0,4000000026577154
0,4000000024940829
0,4000000017829191
0,6000000023911563
0,6000000031775137
0,6000000034222461
0,6000000034709769
0,6000000034734515
0,6000000034709749
0,6000000034222444
0,6000000031775149
0,6000000023911568
0,6000000031749343
0,6000000044126416
0,6000000047020042
0,6000000047516741
0,6000000047542041
0,6000000047516708
0,6000000047020019
0,6000000044126385
0,6000000031749315
0,6000000033709999
0,6000000046519557
0,6000000049634159
0,6000000050165961
0,600000005018685
0,6000000050165879
0,6000000049634148
0,6000000046519572
0,6000000033709996
0,6000000031749285
0,6000000044126409
0,6000000047020063
0,600000004751666
0,6000000047542077
0,6000000047516668
0,6000000047020018
0,6000000044126372
0,6000000031749378
0,6000000023911579
0,6000000031775117
0,6000000034222441
0,6000000034709733
0,6000000034734526
0,6000000034709768
0,6000000034222486
0,6000000031775168
0,6000000023911566
0,8000000029978741
0,8000000038599839
0,8000000041853617
0,8000000042504826
0,8000000042537037
0,8000000042504792
0,8000000041853602
0,800000003859986
0,800000002997875
0,8000000038566495
0,8000000051369398
0,8000000055210436
0,8000000055876232
0,8000000055908472
0,8000000055876195
0,8000000055210406
0,8000000051369355
0,8000000038566466
0,8000000041169909
0,8000000054539576
0,8000000058675157
0,8000000059387773
0,8000000059414093
0,8000000059387671
0,800000005867516
0,8000000054539608
0,8000000041169886
0,8000000038566436
0,8000000051369379
0,8000000055210476
0,8000000055876124
0,8000000055908514
0,8000000055876144
0,8000000055210404
0,8000000051369348
0,8000000038566552
0,800000002997877
0,8000000038599834
0,8000000041853571
0,8000000042504765
0,8000000042537045
0,8000000042504836
0,8000000041853644
0,8000000038599873
0,8000000029978771
1,0000000036029921
1,0000000045414643
1,0000000049470463
1,0000000050285895
1,0000000050325153
1,000000005028583
1,000000004947045
1,0000000045414683
1,0000000036029917
1,000000004537423
1,0000000058626626
1,000000006340758
1,0000000064243564
1,0000000064282049
1,0000000064243526
1,0000000063407528
1,0000000058626575
1,000000004537417
1,0000000048615725
1,0000000062565237
1,0000000067714256
1,0000000068608734
1,0000000068639796
1,000000006860862
1,000000006771421
1,000000006256525
1,000000004861571
1,000000004537415
1,0000000058626597
1,0000000063407615
1,0000000064243428
1,0000000064282135
1,0000000064243422
1,0000000063407526
1,0000000058626546
1,0000000045374289
1,0000000036029941
1,0000000045414643
1,000000004947041
1,0000000050285809
1,0000000050325137
1,0000000050285898
1,000000004947049
1,0000000045414699
1,0000000036029972
1,2000000042064258
1,2000000052219215
1,2000000057072904
1,2000000058052522
1,2000000058098537
1,2000000058052487
1,2000000057072895
1,200000005221926
1,2000000042064285
1,2000000052172188
1,2000000065897596
1,2000000071611503
1,2000000072618444
1,2000000072662558
1,2000000072618409
1,2000000071611492
1,2000000065897511
1,2000000052172135
1,200000005604757
1,2000000070596974
1,2000000076752473
1,2000000077829542
1,2000000077864712
1,2000000077829422
1,2000000076752455
1,2000000070596997
1,2000000056047522
1,2000000052172108
1,2000000065897536
1,2000000071611576
1,2000000072618264
1,2000000072662689
1,2000000072618273
1,20000000716115
1,2000000065897494
1,2000000052172266
1,2000000042064267
1,2000000052219228
1,2000000057072833
1,2000000058052485
1,2000000058098514
1,2000000058052571
1,2000000057072946
1,2000000052219284
1,2000000042064305
1,4000000048080876
1,400000005901328
1,4000000064660758
1,4000000065804388
1,4000000065856755
1,400000006580429
1,4000000064660718
1,4000000059013313
1,4000000048080887
1,400000005896005
1,4000000073181875
1,4000000079822408
1,400000008100063
1,4000000081049764
1,4000000081000565
1,400000007982237
1,4000000073181782
1,400000005895998
1,4000000063465454
1,4000000078635297
1,400000008579088
1,4000000087050857
1,4000000087089575
1,4000000087050686
1,4000000085790862
1,400000007863534
1,4000000063465425
1,4000000058959956
1,4000000073181804
1,4000000079822492
1,4000000081000414
1,4000000081049944
1,400000008100041
1,4000000079822392
1,4000000073181762
1,4000000058960136
1,4000000048080878
1,4000000059013302
1,4000000064660645
1,4000000065804306
1,400000006585672
1,400000006580441
1,4000000064660778
1,400000005901335
1,4000000048080938
1,6000000054078924
1,6000000065796467
1,6000000072233824
1,6000000073540923
1,600000007359935
1,6000000073540814
1,600000007223378
1,6000000065796516
1,6000000054078916
1,6000000065737392
1,6000000080479109
1,6000000088040363
1,6000000089389859
1,6000000089443507
1,6000000089389788
1,6000000088040336
1,6000000080478964
1,600000006573738
1,6000000070869471
1,6000000086680701
1,6000000094830502
1,6000000096273337
1,600000009631499
1,6000000096273126
1,6000000094830433
1,6000000086680743
1,6000000070869433
1,600000006573733
1,600000008047901
1,6000000088040478
1,6000000089389597
1,6000000089443696
1,6000000089389583
1,6000000088040354
1,6000000080478962
1,6000000065737523
1,6000000054078924
1,6000000065796474
1,6000000072233704
1,600000007354087
1,600000007359928
1,6000000073540968
1,6000000072233835
1,6000000065796536
1,6000000054078982
1,800000006005748
1,800000007256836
1,8000000079791867
1,8000000081261682
1,8000000081325822
1,8000000081261571
1,8000000079791771
1,8000000072568427
1,800000006005746
1,8000000072503919
1,800000008778884
1,8000000096265505
1,8000000097785922
1,8000000097843578
1,8000000097785815
1,8000000096265514
1,8000000087788701
1,8000000072503908
1,8000000078259553
1,8000000094733655
1,8000000103872333
1,800000010549759
1,800000010554173
1,8000000105497376
1,800000010387227
1,8000000094733715
1,8000000078259508
1,8000000072503861
1,8000000087788728
1,8000000096265656
1,8000000097785627
1,800000009784382
1,800000009778563
1,800000009626551
1,8000000087788706
1,800000007250407
1,8000000060057486
1,800000007256837
1,8000000079791718
1,8000000081261622
1,8000000081325724
1,800000008126175
1,800000007979188
1,8000000072568463
1,800000006005754
2,000000006601563
2,0000000079328655
2,000000008733457
2,0000000088966154
2,0000000089035708
2,0000000088966003
2,0000000087334504
2,0000000079328744
2,0000000066015597
2,000000007925914
2,000000009511088
2,0000000104498006
2,00000001061886
2,00000001062498
2,000000010618852
2,0000000104498
2,000000009511067
2,000000007925919
2,000000008563572
2,000000010279468
2,0000000112917307
2,0000000114724257
2,0000000114770393
2,0000000114723977
2,0000000112917196
2,000000010279475
2,0000000085635685
2,0000000079259133
2,000000009511074
2,000000010449818
2,000000010618827
2,0000000106250084
2,0000000106188303
2,000000010449799
2,0000000095110675
2,000000007925931
2,0000000066015606
2,000000007932867
2,000000008733441
2,0000000088966066
2,0000000089035606
2,000000008896622
2,0000000087334624
2,000000007932872
2,0000000066015704
2,2000000071952432
2,2000000086076863
2,200000009486172
2,2000000096653807
2,200000009672844
2,200000009665369
2,200000009486163
2,200000008607693
2,2000000071952384
2,20000000860027
2,2000000102444774
2,2000000112738087
2,200000011459783
2,2000000114662144
2,200000011459776
2,200000011273809
2,2000000102444606
2,2000000086002736
2,2000000092997922
2,20000001108642
2,2000000121966434
2,2000000123953947
2,200000012400163
2,200000012395372
2,200000012196639
2,200000011086424
2,200000009299789
2,2000000086002687
2,200000010244467
2,2000000112738265
2,200000011459745
2,200000011466246
2,2000000114597476
2,2000000112738074
2,200000010244462
2,2000000086002864
2,200000007195239
2,2000000086076863
2,200000009486152
2,2000000096653762
2,200000009672828
2,2000000096653927
2,2000000094861734
2,2000000086076956
2,200000007195249
2,40000000778669
2,4000000092812606
2,4000000102372923
2,4000000104324064
2,4000000104403436
2,40000001043239
2,4000000102372834
2,4000000092812668
2,40000000778669
2,4000000092734157
2,4000000109790487
2,400000012098578
2,400000012301338
2,400000012308034
2,4000000123013234
2,4000000120985803
2,4000000109790256
2,400000009273412
2,4000000100345957
2,4000000118942806
2,400000013102063
2,40000001331873
2,4000000133236026
2,400000013318702
2,4000000131020576
2,4000000118942824
2,400000010034597
2,4000000092734144
2,400000010979036
2,4000000120985967
2,400000012301294
2,400000012308069
2,4000000123012946
2,4000000120985785
2,400000010979034
2,4000000092734273
2,4000000077866863
2,400000009281263
2,400000010237276
2,4000000104324006
2,4000000104403285
2,400000010432416
2,4000000102372927
2,400000009281269
2,400000007786698
2,600000008375804
2,60000000995354
2,6000000109867933
2,6000000111976336
2,6000000112060215
2,6000000111976154
2,600000010986778
2,60000000995355
2,600000008375797
2,600000009945299
2,600000011714771
2,600000012924135
2,6000000131435157
2,600000013150441
2,600000013143503
2,600000012924138
2,600000011714748
2,6000000099452985
2,600000010767984
2,600000012703091
2,600000014008078
2,60000001424248
2,6000000142474238
2,600000014242453
2,6000000140080717
2,6000000127030964
2,6000000107679857
2,6000000099452976
2,6000000117147555
2,600000012924158
2,600000013143467
2,60000001315048
2,600000013143471
2,6000000129241396
2,6000000117147524
2,600000009945316
2,6000000083758037
2,600000009953539
2,6000000109867667
2,600000011197622
2,600000011206003
2,6000000111976433
2,6000000109867836
2,60000000995355
2,600000008375811
2,8000000089624857
2,80000001062447
2,8000000117346175
2,800000011961
2,8000000119697988
2,800000011960979
2,800000011734605
2,8000000106244833
2,8000000089624764
2,8000000106158787
2,8000000124516395
2,800000013750511
2,800000013986306
2,8000000139934196
2,800000013986291
2,8000000137505157
2,8000000124516147
2,800000010615873
2,8000000114999346
2,8000000135129044
2,8000000149147866
2,800000015166721
2,8000000151716833
2,800000015166688
2,8000000149147786
2,800000013512912
2,800000011499934
2,8000000106158733
2,800000012451623
2,8000000137505343
2,8000000139862524
2,800000013993464
2,8000000139862578
2,800000013750514
2,800000012451623
2,8000000106158858
2,800000008962481
2,8000000106244736
2,800000011734594
2,800000011960991
2,800000011969779
2,800000011961014
2,8000000117346104
2,8000000106244847
2,8000000089624857
3,000000009546632
3,0000000112940164
3,000000012480732
3,000000012722441
3,0000000127316184
3,0000000127224236
3,0000000124807213
3,000000011294029
3,00000000954662
3,000000011285092
3,000000013189631
3,00000001457771
3,0000000148297006
3,000000014836968
3,0000000148296824
3,000000014577715
3,0000000131896014
3,000000011285096
3,0000000122304185
3,000000014323778
3,000000015822276
3,0000000160914873
3,0000000160964446
3,0000000160914566
3,000000015822259
3,0000000143237875
3,0000000122304216
3,0000000112850884
3,0000000131896147
3,000000014577736
3,0000000148296473
3,000000014837013
3,0000000148296504
3,0000000145777124
3,0000000131896134
3,000000011285111
3,0000000095466266
3,000000011294023
3,00000001248071
3,000000012722427
3,0000000127315993
3,000000012722454
3,0000000124807307
3,0000000112940324
3,0000000095466324
3,200000010128122
3,200000011962118
3,2000000132250883
3,200000013481886
3,200000013491412
3,20000001348186
3,2000000132250768
3,2000000119621363
3,2000000101281123
3,200000011952907
3,2000000139287494
3,2000000154057693
3,2000000156737
3,2000000156810864
3,2000000156736808
3,2000000154057773
3,2000000139287197
3,2000000119529055
3,2000000129594253
3,2000000151357617
3,20000001673062
3,200000017016851
3,200000017021762
3,200000017016815
3,2000000167306077
3,200000015135771
3,200000012959431
3,200000011952903
3,2000000139287286
3,200000015405797
3,200000015673641
3,2000000156811295
3,2000000156736426
3,2000000154057724
3,2000000139287312
3,2000000119529193
3,2000000101281194
3,200000011962126
3,2000000132250683
3,200000013481875
3,200000013491392
3,2000000134819007
3,2000000132250848
3,2000000119621426
3,20000001012813
3,4000000107068655
3,4000000126287246
3,400000013967651
3,4000000142392723
3,400000014249109
3,400000014239241
3,4000000139676354
3,40000001262874
3,4000000107068544
3,400000012619253
3,4000000146689824
3,4000000162347055
3,400000016518291
3,4000000165257624
3,400000016518271
3,400000016234717
3,400000014668948
3,4000000126192513
3,4000000136869257
3,4000000159489114
3,400000017639921
3,4000000179428604
3,400000017947693
3,400000017942825
3,4000000176399046
3,400000015948917
3,4000000136869275
3,400000012619246
3,400000014668965
3,4000000162347335
3,4000000165182316
3,400000016525807
3,4000000165182347
3,4000000162347135
3,400000014668959
3,400000012619269
3,4000000107068606
3,4000000126287357
3,4000000139676243
3,4000000142392546
3,4000000142490934
3,400000014239288
3,4000000139676394
3,4000000126287437
3,4000000107068704
3,6000000112827397
3,6000000132937795
3,6000000147083475
3,6000000149945115
3,6000000150046425
3,6000000149944853
3,6000000147083386
3,6000000132937977
3,600000011282724
3,6000000132840797
3,600000015410337
3,600000017064548
3,6000000173634725
3,6000000173709985
3,6000000173634503
3,6000000170645605
3,6000000154102967
3,600000013284083
3,600000014412881
3,6000000167632793
3,600000018550258
3,6000000188695744
3,6000000188742964
3,600000018869537
3,6000000185502365
3,6000000167632833
3,6000000144128874
3,6000000132840744
3,600000015410312
3,6000000170645756
3,600000017363414
3,6000000173710465
3,6000000173634206
3,6000000170645556
3,6000000154103113
3,600000013284094
3,600000011282732
3,600000013293793
3,6000000147083235
3,600000014994496
3,600000015004624
3,6000000149945275
3,6000000147083413
3,6000000132938044
3,6000000112827415
3,800000011855624
3,800000013957226
3,800000015447135
3,8000000157475307
3,800000015757921
3,8000000157475045
3,8000000154471225
3,800000013957249
3,8000000118556128
3,80000001394733
3,8000000161528122
3,8000000178953286
3,8000000182092615
3,8000000182168017
3,8000000182092317
3,8000000178953353
3,8000000161527705
3,8000000139473333
3,800000015137268
3,800000017578914
3,8000000194617067
3,8000000197970403
3,800000019801621
3,8000000197970016
3,800000019461686
3,8000000175789173
3,800000015137274
3,8000000139473222
3,800000016152788
3,8000000178953526
3,800000018209193
3,8000000182168465
3,8000000182091997
3,8000000178953304
3,80000001615279
3,800000013947348
3,8000000118556136
3,8000000139572405
3,800000015447109
3,8000000157475156
3,800000015757901
3,8000000157475537
3,8000000154471287
3,8000000139572543
3,8000000118556283
4,0000000124254
4,000000014619
4,000000016183956
4,000000016498251
4,000000016508861
4,000000016498219
4,00000001618394
4,000000014619025
4,0000000124253905
4,000000014608938
4,000000016896416
4,00000001872707
4,000000019055639
4,0000000190631715
4,000000019055614
4,000000018727081
4,0000000168963785
4,000000014608946
4,000000015860048
4,000000018395887
4,000000020374354
4,000000020725315
4,0000000207297255
4,000000020725275
4,000000020374333
4,000000018395894
4,000000015860056
4,000000014608929
4,000000016896401
4,0000000187271
4,000000019055578
4,000000019063226
4,000000019055581
4,000000018727076
4,000000016896397
4,000000014608962
4,000000012425383
4,00000001461902
4,0000000161839235
4,00000001649823
4,000000016508844
4,0000000164982765
4,0000000161839475
4,000000014619033
4,0000000124254
4,200000012991956
4,200000015279057
4,200000016918746
4,200000017246604
4,200000017257413
4,2000000172465715
4,200000016918733
4,200000015279082
4,200000012991938
4,200000015268871
4,200000017641176
4,200000019559798
4,200000019902615
4,200000019910123
4,200000019902594
4,2000000195598135
4,200000017641134
4,200000015268868
4,200000016581167
4,200000019214238
4,200000021288294
4,20000002165445
4,2000000216586635
4,200000021654405
4,2000000212882656
4,20000001921424
4,200000016581174
4,200000015268869
4,200000017641152
4,200000019559821
4,200000019902548
4,20000001991017
4,20000001990256
4,200000019559809
4,200000017641152
4,200000015268884
4,200000012991947
4,2000000152790795
4,200000016918725
4,200000017246594
4,20000001725739
4,200000017246623
4,200000016918734
4,200000015279089
4,200000012991957
4,400000013555152
4,400000015937318
4,4000000176514344
4,400000017992474
4,400000018003459
4,400000017992436
4,400000017651425
4,400000015937344
4,400000013555132
4,400000015927021
4,400000018387087
4,400000020393567
4,400000020750218
4,400000020757639
4,4000000207501895
4,400000020393573
4,400000018387041
4,400000015927027
4,400000017300588
4,400000020034035
4,400000022203571
4,40000002258449
4,400000022588481
4,400000022584441
4,400000022203534
4,400000020034045
4,400000017300599
4,400000015927015
4,4000000183870664
4,400000020393597
4,400000020750141
4,400000020757685
4,400000020750153
4,40000002039357
4,400000018387066
4,400000015927039
4,400000013555142
4,4000000159373345
4,4000000176514025
4,400000017992458
4,4000000180034355
4,400000017992496
4,400000017651419
4,400000015937357
4,400000013555156
4,600000014114875
4,600000016593723
4,600000018381948
4,600000018735783
4,600000018746926
4,600000018735748
4,600000018381943
4,600000016593743
4,6000000141148485
4,600000016583351
4,600000019134179
4,600000021228401
4,600000021598411
4,600000021605762
4,6000000215983965
4,600000021228408
4,6000000191341375
4,600000016583359
4,600000018018268
4,6000000208553535
4,600000023120289
4,600000023515498
4,600000023519239
4,600000023515452
4,600000023120269
4,600000020855357
4,600000018018288
4,60000001658334
4,600000019134159
4,600000021228423
4,600000021598338
4,600000021605803
4,600000021598356
4,600000021228404
4,600000019134164
4,6000000165833725
4,6000000141148565
4,600000016593742
4,60000001838192
4,600000018735775
4,6000000187469
4,600000018735803
4,600000018381935
4,600000016593755
4,600000014114859
4,800000014670967
4,8000000172482125
4,800000019110218
4,800000019476454
4,8000000194877
4,800000019476404
4,800000019110232
4,800000017248226
4,800000014670957
4,800000017237784
4,800000019882487
4,800000022064329
4,8000000224472466
4,800000022454483
4,80000002244723
4,800000022064328
4,800000019882437
4,8000000172377915
4,800000018734147
4,800000021678239
4,800000024038521
4,800000024447503
4,800000024450969
4,800000024447448
4,800000024038496
4,800000021678233
4,800000018734168
4,8000000172377755
4,800000019882466
4,800000022064352
4,800000022447179
4,800000022454534
4,800000022447188
4,8000000220643235
4,800000019882466
4,800000017237801
4,8000000146709585
4,800000017248229
4,800000019110186
4,800000019476438
4,800000019487669
4,800000019476473
4,8000000191102155
4,800000017248239
4,800000014670965
5,000000015223308
5,000000017900696
5,000000019836184
5,000000020214355
5,000000020225694
5,000000020214317
5,000000019836193
5,000000017900713
5,000000015223292
5,000000017890255
5,000000020632024
5,000000022901389
5,0000000232967245
5,000000023303815
5,0000000232967
5,0000000229013875
5,000000020631976
5,0000000178902555
5,00000001944817
5,000000022502762
5,000000024958345
5,000000025380575
5,000000025383723
5,0000000253805235
5,0000000249583225
5,000000022502763
5,000000019448194
5,00000001789024
5,000000020632001
5,000000022901407
5,000000023296642
5,000000023303867
5,000000023296661
5,000000022901391
5,000000020632006
5,000000017890264
5,00000001522329
5,000000017900718
5,000000019836148
5,000000020214351
5,000000020225665
5,000000020214388
5,00000001983617
5,000000017900731
5,000000015223296
5,20000001577176
5,200000018551121
5,200000020559738
5,200000020949414
5,200000020960815
5,20000002094936
5,200000020559744
5,200000018551138
5,200000015771735
5,200000018540681
5,20000002138282
5,2000000237396335
5,200000024146861
5,200000024153785
5,200000024146838
5,20000002373963
5,200000021382787
5,2000000185406785
5,2000000201602665
5,2000000233289825
5,200000025879823
5,2000000263147355
5,200000026317587
5,200000026314677
5,200000025879806
5,200000023328976
5,20000002016029
5,200000018540667
5,200000021382806
5,200000023739656
5,200000024146782
5,200000024153838
5,200000024146798
5,200000023739635
5,200000021382819
5,20000001854069
5,20000001577174
5,200000018551143
5,2000000205597114
5,200000020949407
5,200000020960776
5,200000020949441
5,200000020559723
5,200000018551162
5,200000015771748
5,400000016316158
5,400000019199405
5,400000021280804
5,40000002168152
5,40000002169296
5,400000021681461
5,400000021280823
5,400000019199421
5,4000000163161355
5,400000019188997
5,400000022134936
5,4000000245790964
5,400000024997652
5,400000025004418
5,400000024997643
5,400000024579094
5,400000022134902
5,400000019188998
5,4000000208703725
5,400000024156985
5,400000026803029
5,4000000272500515
5,400000027252562
5,400000027249985
5,4000000268030135
5,4000000241569674
5,4000000208704035
5,400000019188992
5,4000000221349325
5,400000024579115
5,400000024997576
5,400000025004471
5,400000024997594
5,4000000245790964
5,400000022134927
5,40000001918901
5,40000001631614
5,400000019199425
5,400000021280776
5,400000021681515
5,400000021692919
5,400000021681545
5,400000021280796
5,400000019199447
5,40000001631615
5,600000016856369
5,600000019845488
5,600000021999304
5,60000002241054
5,600000022421985
5,600000022410479
5,600000021999321
5,600000019845496
5,600000016856347
5,600000019835137
5,600000022888413
5,60000002541983
5,60000002584916
5,600000025855715
5,600000025849133
5,600000025419819
5,600000022888378
5,600000019835121
5,6000000215784205
5,6000000249868185
5,600000027728048
5,600000028186561
5,600000028188725
5,600000028186485
5,600000027728034
5,600000024986794
5,600000021578453
5,600000019835122
5,6000000228884
5,600000025419852
5,600000025849065
5,6000000258557705
5,600000025849085
5,600000025419824
5,600000022888406
5,600000019835132
5,6000000168563515
5,600000019845506
5,600000021999267
5,600000022410532
5,600000022421956
5,600000022410567
5,600000021999291
5,600000019845528
5,600000016856357
5,800000017392226
5,800000020489265
5,800000022715111
5,800000023136379
5,800000023147821
5,8000000231363185
5,800000022715137
5,800000020489269
5,80000001739221
5,800000020478986
5,800000023643281
5,800000026261864
5,8000000267013645
5,800000026707716
5,800000026701349
5,80000002626185
5,80000002364325
5,800000020478973
5,800000022284321
5,800000025818553
5,800000028654936
5,800000029124298
5,800000029126108
5,800000029124232
5,8000000286549165
5,800000025818526
5,800000022284363
5,800000020478971
5,800000023643268
5,80000002626188
5,800000026701277
5,800000026707771
5,800000026701304
5,800000026261853
5,800000023643279
5,800000020478979
5,800000017392206
5,800000020489283
5,8000000227150865
5,800000023136381
5,8000000231477875
5,8000000231364135
5,8000000227150945
5,800000020489302
5,8000000173922235
6,0000000179235755
6,00000002113067
6,000000023428163
6,000000023858918
6,00000002387033
6,000000023858858
6,000000023428192
6,00000002113068
6,000000017923558
6,000000021120501
6,000000024399595
6,000000027105262
6,000000027554328
6,0000000275604455
6,000000027554302
6,0000000271052425
6,000000024399572
6,000000021120485
6,000000022988012
6,000000026652276
6,000000029583772
6,000000030063325
6,000000030064758
6,0000000300632435
6,00000002958376
6,000000026652253
6,000000022988056
6,000000021120475
6,000000024399594
6,000000027105272
6,000000027554227
6,000000027560501
6,000000027554252
6,000000027105246
6,000000024399606
6,000000021120488
6,000000017923557
6,000000021130683
6,000000023428122
6,00000002385892
6,000000023870304
6,00000002385896
6,000000023428146
6,000000021130714
6,000000017923573
6,2000000184502655
6,200000021769625
6,200000024138331
6,200000024578029
6,200000024589403
6,200000024577969
6,200000024138364
6,200000021769622
6,200000018450249
6,200000021759562
6,200000025157427
6,20000002795007
6,200000028408035
6,200000028413946
6,200000028408014
6,200000027950061
6,200000025157409
6,200000021759554
6,20000002368939
6,200000027488052
6,200000030514609
6,200000031003661
6,200000031004725
6,200000031003587
6,2000000305146
6,200000027488021
6,20000002368944
6,200000021759538
6,200000025157434
6,2000000279500815
6,200000028407948
6,200000028413986
6,200000028407973
6,200000027950061
6,2000000251574345
6,20000002175956
6,200000018450246
6,2000000217696405
6,2000000241382995
6,2000000245780305
6,2000000245893645
6,200000024578076
6,200000024138318
6,200000021769661
6,200000018450256
6,4000000189721
6,400000022406031
6,400000024845503
6,400000025293601
6,400000025304898
6,400000025293534
6,400000024845547
6,4000000224060285
6,4000000189720865
6,400000022396089
6,400000025916833
6,400000028796348
6,400000029262552
6,4000000292682175
6,40000002926253
6,400000028796317
6,400000025916818
6,400000022396077
6,400000024388367
6,400000028325962
6,400000031447535
6,400000031945369
6,400000031946033
6,400000031945283
6,400000031447522
6,400000028325938
6,400000024388421
6,400000022396076
6,400000025916839
6,40000002879636
6,400000029262463
6,400000029268264
6,400000029262486
6,4000000287963195
6,40000002591687
6,400000022396083
6,4000000189720785
6,400000022406049
6,400000024845476
6,400000025293595
6,400000025304858
6,400000025293644
6,4000000248454905
6,400000022406069
6,400000018972097
6,600000019488931
6,600000023039804
6,600000025549596
6,6000000260054765
6,600000026016682
6,600000026005408
6,600000025549637
6,600000023039801
6,600000019488912
6,600000023030023
6,600000026677883
6,600000029644135
6,6000000301178945
6,600000030123321
6,600000030117882
6,600000029644111
6,600000026677872
6,600000023030005
6,600000025084847
6,600000029166097
6,600000032382597
6,600000032888468
6,600000032888756
6,600000032888376
6,6000000323825905
6,600000029166059
6,600000025084905
6,600000023030002
6,600000026677895
6,600000029644144
6,60000003011781
6,600000030123363
6,6000000301178305
6,600000029644114
6,600000026677927
6,600000023030001
6,600000019488918
6,600000023039823
6,60000002554957
6,60000002600547
6,600000026016649
6,6000000260055165
6,600000025549582
6,600000023039837
6,600000019488921
6,8000000200005415
6,800000023670856
6,800000026250451
6,8000000267135166
6,800000026724635
6,800000026713443
6,800000026250513
6,800000023670852
6,800000020000524
6,8000000236612275
6,800000027440655
6,800000030493517
6,800000030974107
6,800000030979283
6,800000030974086
6,800000030493483
6,800000027440647
6,80000002366122
6,800000025778722
6,800000030008515
6,800000033319871
6,80000003383302
6,800000033832918
6,800000033832919
6,800000033319861
6,800000030008475
6,80000002577878
6,800000023661206
6,800000027440665
6,800000030493517
6,800000030974021
6,8000000309793265
6,800000030974044
6,800000030493482
6,800000027440693
6,800000023661209
6,800000020000526
6,800000023670871
6,800000026250432
6,800000026713505
6,800000026724598
6,8000000267135485
6,80000002625045
6,800000023670882
6,800000020000535
7,000000020506784
7,000000024299087
7,000000026947969
7,000000027417597
7,000000027428621
7,00000002741752
7,000000026948027
7,000000024299092
7,000000020506755
7,00000002428964
7,000000028205225
7,000000031344529
7,000000031831225
7,000000031836149
7,000000031831193
7,000000031344488
7,0000000282052195
7,000000024289627
7,000000026469876
7,00000003085332
7,000000034259401
7,0000000347790285
7,000000034778563
7,000000034778934
7,00000003425939
7,000000030853281
7,000000026469944
7,000000024289619
7,000000028205241
7,000000031344533
7,000000031831135
7,000000031836191
7,000000031831156
7,000000031344484
7,000000028205279
7,00000002428961
7,0000000205067705
7,000000024299103
7,000000026947947
7,000000027417588
7,000000027428583
7,000000027417635
7,000000026947959
7,000000024299122
7,000000020506783
7,200000021007446
7,200000024924418
7,200000027642005
7,200000028117556
7,200000028128465
7,200000028117477
7,20000002764206
7,200000024924417
7,200000021007423
7,200000024915138
7,200000028971685
7,200000032197236
7,200000032689278
7,200000032693975
7,200000032689255
7,200000032197202
7,200000028971684
7,200000024915127
7,2000000271582065
7,200000031700595
7,200000035201261
7,200000035726573
7,200000035725736
7,200000035726463
7,200000035201262
7,200000031700562
7,200000027158259
7,2000000249151155
7,200000028971704
7,200000032197236
7,2000000326891955
7,2000000326940246
7,200000032689213
7,2000000321972
7,200000028971739
7,200000024915114
7,200000021007442
7,200000024924421
7,200000027641982
7,200000028117547
7,20000002812843
7,200000028117598
7,200000027641995
7,200000024924448
7,200000021007445
7,400000021502344
7,400000025546709
7,400000028332414
7,400000028813243
7,400000028824036
7,400000028813162
7,400000028332487
7,400000025546715
7,400000021502319
7,400000025537615
7,400000029740122
7,400000033051718
7,400000033548318
7,400000033552791
7,400000033548297
7,400000033051683
7,400000029740101
7,400000025537602
7,400000027843576
7,400000032550426
7,400000036145509
7,400000036675637
7,400000036674466
7,400000036675536
7,400000036145503
7,400000032550388
7,400000027843627
7,400000025537594
7,400000029740145
7,400000033051716
7,400000033548231
7,400000033552837
7,400000033548262
7,400000033051681
7,4000000297401805
7,400000025537583
7,400000021502335
7,400000025546715
7,400000028332404
7,400000028813232
7,400000028823994
7,400000028813279
7,400000028332417
7,4000000255467455
7,4000000215023345
7,600000021991254
7,6000000261658975
7,600000029019075
7,600000029504505
7,600000029515168
7,600000029504427
7,600000029019149
7,60000002616589
7,600000021991231
7,6000000261569784
7,600000030510648
7,600000033908034
7,600000034408396
7,600000034412663
7,600000034408371
7,6000000339080005
7,600000030510617
7,600000026156972
7,600000028525842
7,600000033402903
7,6000000370922
7,600000037626287
7,600000037624801
7,600000037626184
7,600000037092191
7,600000033402859
7,600000028525898
7,600000026156947
7,600000030510673
7,6000000339080325
7,600000034408318
7,6000000344127026
7,600000034408338
7,600000033907996
7,600000030510709
7,600000026156947
7,60000002199125
7,600000026165901
7,600000029019065
7,600000029504487
7,600000029515133
7,600000029504545
7,6000000290190775
7,600000026165928
7,6000000219912565
7,800000022473971
7,800000026781852
7,800000029701808
7,800000030191157
7,800000030201695
7,800000030191076
7,800000029701887
7,80000002678185
7,800000022473948
7,800000026773113
7,800000031283363
7,80000003476628
7,800000035269568
7,800000035273656
7,80000003526954
7,800000034766243
7,800000031283338
7,800000026773104
7,800000029204891
7,800000034258122
7,800000038041386
7,800000038578541
7,800000038576752
7,800000038578445
7,800000038041384
7,800000034258091
7,800000029204947
7,80000002677308
7,800000031283394
7,800000034766276
7,800000035269501
7,800000035273685
7,800000035269516
7,800000034766233
7,800000031283419
7,800000026773074
7,800000022473963
7,800000026781857
7,800000029701803
7,800000030191137
7,8000000302016534
7,800000030191198
7,800000029701811
7,800000026781885
7,800000022473975
8,000000022950289
8,000000027394455
8,000000030380496
8,00000003087304
8,00000003088346
8,00000003087294
8,000000030380566
8,000000027394464
8,000000022950271
8,000000027385896
8,00000003205838
8,000000035626494
8,00000003613188
8,0000000361358
8,000000036131842
8,000000035626453
8,000000032058365
8,000000027385909
8,00000002988054
8,000000035116166
8,000000038993132
8,000000039532443
8,000000039530363
8,000000039532342
8,000000038993095
8,00000003511616
8,000000029880603
8,000000027385866
8,000000032058406
8,000000035626488
8,0000000361318
8,00000003613584
8,000000036131823
8,00000003562644
8,000000032058457
8,00000002738588
8,000000022950283
8,00000002739445
8,000000030380493
8,000000030873013
8,000000030883411
8,00000003087307
8,00000003038049
8,000000027394501
8,000000022950283
8,200000023419951
8,200000028003627
8,200000031054925
8,200000031549969
8,200000031560258
8,200000031549886
8,20000003105502
8,200000028003636
8,200000023419939
8,200000027995223
8,20000003283584
8,200000036488781
8,200000036995416
8,200000036999151
8,200000036995377
8,200000036488765
8,20000003283582
8,200000027995234
8,200000030552685
8,200000035977173
8,200000039947438
8,200000040487996
8,200000040485708
8,200000040487886
8,200000039947414
8,200000035977146
8,200000030552742
8,200000027995193
8,20000003283587
8,200000036488778
8,200000036995322
8,200000036999208
8,20000003699536
8,200000036488747
8,200000032835915
8,200000027995202
8,200000023419966
8,200000028003624
8,20000003105492
8,200000031549955
8,200000031560227
8,200000031550013
8,200000031054921
8,200000028003668
8,200000023419964
8,400000023882788
8,400000028609222
8,400000031724943
8,400000032221776
8,400000032231956
8,400000032221678
8,40000003172502
8,40000002860922
8,400000023882756
8,400000028600958
8,40000003361587
8,400000037353237
8,40000003786019
8,400000037863878
8,400000037860135
8,400000037353212
8,400000033615841
8,400000028600973
8,400000031221124
8,400000036841211
8,400000040904425
8,400000041445237
8,40000004144276
8,400000041445137
8,400000040904388
8,40000003684119
8,40000003122118
8,400000028600925
8,400000033615896
8,40000003735324
8,400000037860103
8,400000037863911
8,400000037860124
8,400000037353196
8,400000033615944
8,400000028600921
8,400000023882788
8,400000028609211
8,40000003172495
8,400000032221739
8,400000032231931
8,40000003222182
8,400000031724927
8,400000028609258
8,400000023882777
8,60000002433848
8,600000029211127
8,600000032390387
8,600000032888206
8,600000032898311
8,600000032888122
8,600000032390458
8,600000029211122
8,600000024338453
8,60000002920298
8,600000034398613
8,600000038219902
8,60000003872631
8,600000038729936
8,60000003872628
8,600000038219891
8,600000034398567
8,600000029202976
8,600000031885685
8,6000000377084
8,600000041864057
8,600000042404199
8,600000042401598
8,600000042404107
8,60000004186403
8,600000037708364
8,600000031885736
8,600000029202947
8,600000034398647
8,600000038219905
8,600000038726229
8,600000038729975
8,600000038726254
8,60000003821987
8,600000034398679
8,600000029202928
8,600000024338488
8,60000002921112
8,600000032390396
8,600000032888174
8,600000032898281
8,600000032888248
8,600000032390367
8,60000002921115
8,600000024338483
8,800000024786819
8,800000029809205
8,800000033051022
8,80000003354913
8,800000033559153
8,80000003354905
8,80000003305111
8,800000029809194
8,8000000247868
8,800000029801158
8,800000035184164
8,800000039088886
8,80000003959385
8,80000003959746
8,800000039593806
8,800000039088907
8,800000035184127
8,800000029801167
8,800000032546208
8,800000038578851
8,800000042826428
8,800000043364882
8,800000043362202
8,800000043364793
8,800000042826381
8,800000038578851
8,800000032546238
8,800000029801131
8,800000035184183
8,800000039088896
8,80000003959377
8,800000039597501
8,800000039593789
8,800000039088879
8,80000003518423
8,80000002980111
8,800000024786833
8,800000029809194
8,800000033051045
8,800000033549102
8,800000033559137
8,800000033549173
8,800000033051013
8,80000002980923
8,800000024786831
9,000000025227564
9,000000030403312
9,000000033706668
9,000000034204282
9,000000034214247
9,00000003420419
9,00000003370677
9,000000030403319
9,000000025227541
9,00000003039533
9,00000003597278
9,000000039960348
9,000000040462877
9,000000040466531
9,000000040462822
9,00000003996034
9,000000035972734
9,000000030395345
9,00000003320248
9,000000039452672
9,000000043791553
9,000000044327344
9,000000044324619
9,000000044327246
9,000000043791504
9,000000039452669
9,000000033202504
9,000000030395324
9,0000000359728
9,000000039960353
9,000000040462787
9,000000040466569
9,000000040462801
9,000000039960316
9,000000035972848
9,000000030395283
9,00000002522756
9,000000030403301
9,000000033706693
9,000000034204257
9,000000034214215
9,00000003420433
9,000000033706675
9,000000030403347
9,000000025227578
9,200000025660437
9,200000030993328
9,200000034357176
9,200000034853497
9,20000003486342
9,200000034853415
9,20000003435725
9,200000030993335
9,20000002566043
9,200000030985402
9,200000036764566
9,200000040834295
9,200000041333457
9,200000041337216
9,200000041333391
9,200000040834318
9,200000036764516
9,200000030985432
9,200000033854293
9,200000040329979
9,20000004475946
9,200000045291546
9,200000045288864
9,200000045291437
9,200000044759397
9,200000040329979
9,200000033854304
9,20000003098538
9,200000036764594
9,200000040834311
9,200000041333372
9,200000041337256
9,200000041333379
9,200000040834297
9,200000036764653
9,200000030985365
9,200000025660446
9,20000003099332
9,200000034357187
9,200000034853469
9,200000034863399
9,200000034853542
9,200000034357167
9,200000030993367
9,200000025660456
9,400000026085124
9,400000031579127
9,400000035002234
9,4000000354965
9,400000035506428
9,400000035496415
9,400000035002309
9,400000031579115
9,400000026085106
9,400000031571187
9,400000037559721
9,400000041710902
9,400000042205724
9,400000042209644
9,400000042205647
9,400000041710921
9,400000037559659
9,40000003157122
9,400000034501439
9,400000041210927
9,400000045730213
9,400000046257523
9,400000046254974
9,400000046257418
9,400000045730145
9,40000004121091
9,40000003450145
9,400000031571183
9,400000037559737
9,40000004171092
9,400000042205628
9,400000042209694
9,400000042205626
9,400000041710895
9,400000037559796
9,400000031571151
9,400000026085138
9,400000031579125
9,400000035002257
9,400000035496461
9,400000035506407
9,400000035496543
9,400000035002217
9,40000003157916
9,400000026085154
9,600000026501407
9,60000003216055
9,600000035641655
9,60000003613309
9,600000036143037
9,600000036133007
9,600000035641722
9,600000032160532
9,600000026501391
9,600000032152568
9,600000038358433
9,600000042590223
9,6000000430797
9,6000000430839
9,600000043079657
9,600000042590223
9,60000003835839
9,600000032152609
9,600000035143701
9,600000042095557
9,600000046703778
9,600000047225317
9,60000004722297
9,600000047225212
9,600000046703714
9,600000042095566
9,60000003514372
9,600000032152554
9,600000038358447
9,600000042590237
9,600000043079614
9,600000043083941
9,600000043079651
9,6000000425902
9,600000038358512
9,600000032152533
9,600000026501425
9,600000032160537
9,60000003564168
9,600000036133048
9,600000036143008
9,600000036133126
9,600000035641644
9,60000003216057
9,600000026501425
9,800000026908949
9,800000032737433
9,800000036275202
9,80000003676301
9,800000036773039
9,800000036762913
9,800000036275263
9,800000032737424
9,80000002690892
9,800000032729363
9,800000039160905
9,80000004347241
9,800000043955572
9,800000043960077
9,800000043955498
9,800000043472437
9,800000039160857
9,800000032729377
9,80000003578085
9,800000042984077
9,800000047680223
9,800000048194871
9,800000048192834
9,800000048194779
9,800000047680161
9,80000004298409
9,800000035780865
9,800000032729345
9,800000039160935
9,800000043472426
9,800000043955494
9,800000043960125
9,800000043955492
9,800000043472402
9,800000039160986
9,800000032729303
9,800000026908963
9,800000032737417
9,80000003627523
9,800000036762963
9,80000003677302
9,800000036763036
9,800000036275199
9,800000032737456
9,800000026908956
10,000000027307461
10,000000033309611
10,000000036902637
10,00000003738595
10,000000037396108
10,00000003738587
10,000000036902714
10,000000033309593
10,000000027307431
10,000000033301395
10,000000039967377
10,00000004435755
10,000000044833394
10,000000044838314
10,00000004483331
10,000000044357597
10,000000039967318
10,000000033301443
10,000000036412628
10,00000004387657
10,000000048659565
10,000000049166266
10,000000049164596
10,000000049166157
10,000000048659505
10,000000043876604
10,000000036412624
10,000000033301387
10,00000003996741
10,000000044357572
10,000000044833307
10,00000004483834
10,000000044833302
10,00000004435756
10,000000039967453
10,000000033301355
10,000000027307474
10,000000033309593
10,00000003690267
10,000000037385913
10,000000037396095
10,000000037386016
10,000000036902623
10,000000033309636
10,000000027307477
10,200000027696612
10,200000033876949
10,200000037523676
10,200000038001727
10,200000038012048
10,20000003800167
10,200000037523749
10,200000033876947
10,200000027696582
10,20000003386852
10,200000040778068
10,200000045245801
10,200000045713285
10,200000045718726
10,200000045713198
10,20000004524585
10,200000040777994
10,200000033868571
10,20000003703873
10,200000044773192
10,200000049641774
10,200000050139423
10,200000050138287
10,200000050139327
10,200000049641703
10,200000044773223
10,200000037038754
10,200000033868493
10,200000040778097
10,200000045245817
10,20000004571319
10,200000045718758
10,200000045713193
10,200000045245808
10,200000040778136
10,2000000338685
10,200000027696632
10,200000033876929
10,200000037523704
10,200000038001686
10,200000038012046
10,200000038001766
10,200000037523678
10,20000003387698
10,200000027696637
10,400000028076098
10,400000034439248
10,400000038138053
10,400000038610044
10,400000038620552
10,40000003860997
10,400000038138126
10,400000034439248
10,400000028076086
10,400000034430562
10,400000041593183
10,400000046137274
10,400000046595359
10,400000046601436
10,400000046595286
10,400000046137322
10,400000041593156
10,400000034430605
10,400000037658966
10,400000045674094
10,40000005062688
10,400000051114374
10,400000051113865
10,40000005111427
10,400000050626817
10,400000045674114
10,400000037658963
10,40000003443053
10,40000004159321
10,40000004613729
10,400000046595276
10,400000046601463
10,40000004659529
10,40000004613728
10,400000041593287
10,40000003443052
10,400000028076132
10,400000034439234
10,400000038138078
10,400000038609994
10,400000038620556
10,400000038610074
10,400000038138048
10,40000003443928
10,400000028076136
10,600000028445598
10,600000034996361
10,600000038745504
10,600000039210592
10,600000039221378
10,600000039210519
10,600000038745582
10,600000034996343
10,600000028445573
10,600000034987307
10,600000042413072
10,600000047032124
10,600000047479794
10,600000047486585
10,600000047479702
10,600000047032168
10,600000042413013
10,60000003498736
10,600000038272986
10,600000046579371
10,600000051614874
10,600000052091108
10,600000052091383
10,60000005209101
10,600000051614812
10,600000046579412
10,600000038272984
10,600000034987284
10,600000042413097
10,600000047032138
10,60000004747972
10,600000047486597
10,600000047479698
10,60000004703213
10,600000042413155
10,600000034987275
10,60000002844563
10,600000034996347
10,600000038745542
10,600000039210531
10,600000039221376
10,60000003921063
10,6000000387455
10,600000034996393
10,60000002844562
10,80000002880472
10,800000035548052
10,800000039345697
10,800000039803058
10,800000039814185
10,800000039802981
10,800000039345765
10,800000035548049
10,800000028804682
10,800000035538607
10,800000043237914
10,800000047930439
10,800000048366684
10,800000048374317
10,800000048366572
10,800000047930496
10,800000043237864
10,80000003553865
10,800000038880505
10,800000047489203
10,80000005260574
10,800000053069613
10,800000053070757
10,800000053069512
10,800000052605684
10,800000047489238
10,800000038880475
10,800000035538586
10,800000043237933
10,800000047930444
10,800000048366586
10,800000048374322
10,800000048366574
10,800000047930453
10,800000043237997
10,800000035538574
10,80000002880473
10,80000003554804
10,800000039345722
10,800000039802987
10,800000039814195
10,800000039803086
10,800000039345694
10,800000035548091
10,800000028804735
11,000000029153126
11,000000036094196
11,000000039938325
11,000000040387153
11,000000040398692
11,000000040387087
11,00000003993841
11,00000003609417
11,00000002915309
11,000000036084215
11,00000004406806
11,00000004883241
11,000000049256155
11,000000049264791
11,000000049256057
11,000000048832483
11,000000044068003
11,000000036084268
11,000000039481149
11,000000048403736
11,000000053599477
11,000000054049881
11,000000054052075
11,000000054049801
11,000000053599427
11,000000048403777
11,000000039481147
11,000000036084211
11,000000044068088
11,000000048832431
11,000000049256085
11,000000049264798
11,000000049256064
11,000000048832442
11,000000044068134
11,000000036084193
11,000000029153151
11,000000036094184
11,00000003993835
11,000000040387087
11,00000004039872
11,000000040387178
11,000000039938323
11,00000003609422
11,00000002915314
11,20000002949044
11,200000036634528
11,200000040523062
11,200000040962568
11,200000040974569
11,200000040962493
11,20000004052314
11,200000036634504
11,200000029490427
11,200000036623967
11,200000044903799
11,200000049738208
11,200000050148422
11,200000050158138
11,20000005014832
11,200000049738277
11,200000044903753
11,20000003662402
11,200000040074674
11,200000049323148
11,200000054596066
11,200000055031884
11,200000055035254
11,20000005503178
11,200000054596009
11,200000049323185
11,200000040074649
11,200000036623946
11,200000044903824
11,20000004973823
11,20000005014834
11,200000050158152
11,200000050148327
11,200000049738227
11,200000044903895
11,200000036623946
11,200000029490477
11,20000003663451
11,200000040523104
11,200000040962495
11,200000040974599
11,200000040962598
11,200000040523054
11,200000036634549
11,20000002949047
11,400000029816278
11,400000037168892
11,400000041099585
11,40000004152893
11,400000041541476
11,400000041528855
11,400000041099638
11,400000037168857
11,400000029816274
11,400000037157621
11,400000045745475
11,400000050647972
11,400000051043602
11,400000051054583
11,400000051043508
11,400000050648027
11,400000045745445
11,40000003715764
11,400000040660627
11,40000005024756
11,400000055595465
11,400000056015577
11,40000005602028
11,400000056015505
11,4000000555954
11,400000050247586
11,400000040660597
11,400000037157598
11,400000045745493
11,400000050647984
11,400000051043536
11,40000005105457
11,400000051043508
11,400000050647982
11,400000045745575
11,40000003715758
11,40000002981632
11,400000037168864
11,40000004109962
11,400000041528857
11,400000041541507
11,400000041528953
11,40000004109955
11,400000037168912
11,400000029816326
11,600000030130273
11,600000037697013
11,600000041667505
11,600000042085881
11,600000042099088
11,600000042085808
11,600000041667561
11,600000037697002
11,600000030130243
11,600000037684934
11,600000046593413
11,600000051561864
11,600000051941906
11,60000005195429
11,60000005194182
11,600000051561931
11,60000004659337
11,600000037684989
11,600000041238697
11,600000051177155
11,600000056597613
11,600000057000946
11,600000057007163
11,600000057000862
11,60000005659753
11,6000000511772
11,600000041238667
11,60000003768492
11,600000046593435
11,600000051561887
11,600000051941839
11,600000051954273
11,600000051941825
11,600000051561887
11,600000046593497
11,600000037684929
11,600000030130309
11,600000037696994
11,600000041667537
11,600000042085798
11,600000042099131
11,600000042085911
11,60000004166749
11,600000037697052
11,600000030130282
11,800000030431985
11,800000038218695
11,800000042226426
11,800000042633089
11,800000042647
11,80000004263302
11,800000042226497
11,800000038218688
11,800000030431939
11,800000038205761
11,800000047447984
11,800000052480081
11,80000005284349
11,800000052857424
11,800000052843393
11,800000052480145
11,800000047447922
11,800000038205795
11,80000004180846
11,800000052112095
11,800000057602468
11,800000057987969
11,800000057995822
11,800000057987871
11,800000057602407
11,800000052112134
11,800000041808445
11,800000038205745
11,800000047448002
11,800000052480105
11,800000052843426
11,800000052857392
11,800000052843403
11,800000052480101
11,80000004744805
11,800000038205733
11,80000003043201
11,800000038218704
11,800000042226468
11,800000042633016
11,800000042647039
11,800000042633119
11,800000042226415
11,800000038218753
11,800000030431963
12,00000003072095
12,000000038733717
12,000000042776026
12,000000043170171
12,000000043184862
12,000000043170093
12,000000042776072
12,000000038733704
12,000000030720901
12,00000003871978
12,000000048309586
12,000000053402792
12,000000053748563
12,000000053764236
12,000000053748465
12,00000005340285
12,000000048309523
12,000000038719806
12,000000042369523
12,000000053052545
12,000000058609976
12,00000005897655
12,000000058986258
12,00000005897645
12,000000058609926
12,000000053052588
12,000000042369495
12,000000038719751
12,000000048309605
12,000000053402804
12,000000053748504
12,000000053764206
12,000000053748478
12,000000053402813
12,000000048309646
12,00000003871976
12,000000030720992
12,000000038733713
12,000000042776058
12,000000043170076
12,000000043184917
12,000000043170191
12,000000042775996
12,000000038733766
12,000000030720956
12,200000030996767
12,200000039241832
12,200000043315795
12,200000043696692
12,200000043712285
12,200000043696612
12,20000004331586
12,200000039241806
12,200000030996764
12,200000039226751
12,200000049178616
12,200000054330193
12,200000054657371
12,200000054674915
12,200000054657266
12,200000054330278
12,200000049178582
12,200000039226797
12,200000042921426
12,200000053998714
12,200000059620097
12,200000059966657
12,200000059978366
12,200000059966559
12,200000059620018
12,200000053998767
12,200000042921406
12,200000039226731
12,200000049178643
12,200000054330214
12,20000005465732
12,200000054674879
12,200000054657282
12,20000005433023
12,200000049178698
12,20000003922675
12,200000030996819
12,200000039241825
12,200000043315834
12,200000043696583
12,200000043712336
12,200000043696694
12,200000043315772
12,200000039241873
12,200000030996797
12,400000031258983
12,400000039742743
12,400000043845361
12,40000004421223
12,400000044228843
12,400000044212165
12,4000000438454
12,400000039742698
12,400000031258955
12,400000039726406
12,400000050055555
12,400000055262504
12,40000005557006
12,400000055589674
12,400000055569969
12,400000055262575
12,400000050055523
12,400000039726445
12,400000043463736
12,400000054950754
12,400000060632669
12,400000060958241
12,4000000609722
12,400000060958149
12,400000060632616
12,400000054950802
12,400000043463692
12,400000039726391
12,400000050055585
12,400000055262526
12,400000055570025
12,400000055589642
12,400000055569983
12,400000055262527
12,400000050055622
12,400000039726395
12,400000031259031
12,40000003974272
12,400000043845393
12,40000004421212
12,4000000442289
12,40000004421225
12,40000004384531
12,400000039742773
12,400000031259005
12,600000031507086
12,600000040236187
12,600000044364243
12,600000044716408
12,600000044734116
12,600000044716339
12,600000044364297
12,600000040236162
12,600000031507076
12,600000040218493
12,600000050940825
12,600000056199908
12,600000056486945
12,600000056508774
12,600000056486856
12,600000056199981
12,600000050940787
12,600000040218541
12,600000043995959
12,600000055908865
12,600000061647636
12,600000061951217
12,600000061967563
12,60000006195114
12,600000061647595
12,600000055908927
12,600000043995903
12,60000004021847
12,60000005094084
12,600000056199939
12,600000056486902
12,600000056508742
12,60000005648687
12,60000005619992
12,600000050940892
12,600000040218491
12,600000031507152
12,600000040236178
12,60000004436428
12,6000000447163
12,600000044734175
12,60000004471641
12,600000044364219
12,600000040236235
12,600000031507097
12,80000003174063
12,800000040721924
12,800000044871974
12,80000004520872
12,800000045227609
12,800000045208646
12,800000044872007
12,800000040721882
12,800000031740636
12,800000040702738
12,800000051834896
12,800000057142633
12,800000057408237
12,800000057432513
12,800000057408123
12,800000057142727
12,800000051834871
12,800000040702766
12,800000044517589
12,800000056873234
12,80000006266491
12,80000006294553
12,800000062964488
12,800000062945465
12,800000062664857
12,800000056873293
12,800000044517564
12,800000040702718
12,800000051834923
12,800000057142661
12,8000000574082
12,800000057432477
12,800000057408141
12,80000005714267
12,80000005183497
12,80000004070273
12,800000031740701
12,800000040721912
12,800000044871998
12,800000045208611
12,800000045227671
12,80000004520873
12,80000004487192
12,800000040721965
12,800000031740664
13,00000003195909
13,000000041199577
13,000000045368068
13,000000045688719
13,000000045708882
13,000000045688648
13,000000045368092
13,000000041199554
13,000000031959079
13,000000041178772
13,000000052738336
13,000000058090961
13,000000058334225
13,000000058361065
13,000000058334122
13,00000005809105
13,000000052738306
13,000000041178822
13,000000045028104
13,00000005784405
13,000000063684313
13,00000006394106
13,000000063962863
13,000000063940996
13,000000063684283
13,000000057844113
13,000000045028035
13,000000041178758
13,000000052738361
13,000000058091006
13,000000058334187
13,00000005836102
13,00000005833414
13,000000058090993
13,000000052738413
13,000000041178788
13,000000031959134
13,000000041199579
13,000000045368095
13,000000045688605
13,000000045708958
13,000000045688747
13,000000045368019
13,000000041199634
13,000000031959107
13,200000032161954
13,200000041668895
13,20000004585195
13,200000046155914
13,200000046177482
13,20000004615583
13,20000004585198
13,20000004166889
13,20000003216194
13,20000004164637
13,200000053651662
13,200000059045088
13,20000005926516
13,200000059294819
13,200000059265069
13,200000059045154
13,20000005365166
13,2000000416464
13,200000045526899
13,200000058821555
13,200000064705758
13,200000064937742
13,20000006496254
13,200000064937674
13,20000006470573
13,200000058821626
13,200000045526865
13,200000041646355
13,20000005365169
13,200000059045122
13,20000005926514
13,200000059294775
13,200000059265086
13,200000059045115
13,200000053651735
13,200000041646373
13,200000032161991
13,200000041668893
13,20000004585197
13,200000046155804
13,200000046177562
13,200000046155917
13,200000045851896
13,200000041668973
13,200000032161965
13,400000032348634
13,400000042129562
13,40000004632312
13,400000046609765
13,40000004663282
13,400000046609692
13,400000046323166
13,400000042129516
13,40000003234861
13,400000042105153
13,400000054575466
13,400000060005272
13,400000060201384
13,400000060233989
13,400000060201295
13,400000060005356
13,400000054575438
13,400000042105193
13,400000046013474
13,400000059805896
13,40000006572905
13,400000065935481
13,400000065963455
13,40000006593542
13,400000065729007
13,400000059805965
13,400000046013409
13,400000042105138
13,4000000545755
13,400000060005315
13,400000060201357
13,400000060233952
13,400000060201318
13,400000060005304
13,400000054575536
13,400000042105153
13,40000003234868
13,400000042129562
13,400000046323134
13,400000046609648
13,400000046632893
13,400000046609764
13,400000046323091
13,400000042129607
13,400000032348634
13,600000032518594
13,600000042581188
13,600000046780956
13,60000004704977
13,600000047074381
13,600000047049702
13,600000046781004
13,600000042581174
13,60000003251857
13,600000042554807
13,600000055510339
13,600000060971794
13,600000061143222
13,600000061178976
13,60000006114311
13,600000060971858
13,600000055510325
13,600000042554838
13,600000046487134
13,600000060797331
13,600000066754005
13,600000066934113
13,600000066965501
13,600000066934031
13,60000006675397
13,600000060797413
13,600000046487073
13,600000042554779
13,600000055510362
13,600000060971839
13,600000061143186
13,600000061178934
13,600000061143145
13,600000060971825
13,600000055510414
13,600000042554802
13,600000032518652
13,600000042581204
13,600000046780982
13,600000047049656
13,600000047074449
13,600000047049763
13,60000004678093
13,600000042581259
13,600000032518588
13,800000032671218
13,800000043023449
13,800000047224904
13,800000047475347
13,800000047501653
13,80000004747526
13,800000047224948
13,800000043023424
13,800000032671223
13,800000042994935
13,800000056456971
13,800000061944958
13,800000062090959
13,800000062130056
13,80000006209088
13,800000061944994
13,800000056456941
13,800000042994965
13,800000046947254
13,80000006179606
13,800000067780438
13,800000067933544
13,800000067968531
13,800000067933473
13,80000006778043
13,800000061796156
13,800000046947195
13,800000042994922
13,800000056456998
13,800000061944987
13,800000062090927
13,800000062130017
13,800000062090906
13,800000061944955
13,800000056457026
13,800000042994927
13,800000032671264
13,800000043023456
13,800000047224922
13,800000047475239
13,800000047501728
13,800000047475338
13,800000047224875
13,80000004302352
13,800000032671232
14,00000003280594
14,000000043455959
14,00000004765428
14,0000000478859
14,00000004791397
14,000000047885841
14,000000047654316
14,00000004345593
14,000000032805945
14,000000043425187
14,000000057416015
14,000000062924972
14,000000063045025
14,000000063087603
14,00000006304494
14,000000062925048
14,000000057415987
14,000000043425214
14,000000047393145
14,000000062802322
14,000000068808134
14,000000068933645
14,000000068972383
14,000000068933574
14,000000068808125
14,000000062802409
14,000000047393105
14,000000043425162
14,000000057416038
14,00000006292502
14,000000063044997
14,000000063087564
14,000000063044977
14,000000062924999
14,000000057416068
14,000000043425194
14,000000032806
14,00000004345596
14,00000004765429
14,000000047885779
14,000000047914064
14,000000047885905
14,000000047654243
14,000000043456037
14,00000003280596
14,20000003292215
14,200000043878337
14,20000004806845
14,20000004828085
14,200000048310793
14,200000048280792
14,200000048068478
14,200000043878294
14,200000032922127
14,200000043845186
14,200000058388218
14,200000063912224
14,200000064005774
14,200000064052027
14,200000064005678
14,200000063912297
14,200000058388204
14,20000004384522
14,20000004782414
14,200000063816306
14,200000069836856
14,200000069934203
14,200000069976918
14,200000069934143
14,200000069836845
14,20000006381641
14,200000047824057
14,200000043845165
14,200000058388248
14,200000063912276
14,200000064005755
14,200000064051984
14,20000006400573
14,200000063912256
14,200000058388264
14,20000004384519
14,200000032922182
14,200000043878344
14,200000048068459
14,20000004828073
14,20000004831088
14,200000048280838
14,200000048068413
14,200000043878397
14,20000003292214
14,400000033019122
14,400000044290145
14,400000048466714
14,400000048659537
14,400000048691425
14,400000048659486
14,400000048466739
14,400000044290117
14,400000033019134
14,400000044254528
14,40000005937431
14,400000064907022
14,400000064973609
14,400000065023658
14,400000064973533
14,40000006490708
14,400000059374303
14,400000044254565
14,400000048239436
14,400000064838284
14,400000070866318
14,400000070935102
14,4000000709819
14,40000007093505
14,400000070866318
14,400000064838386
14,400000048239365
14,400000044254496
14,400000059374356
14,400000064907063
14,40000006497359
14,400000065023615
14,400000064973572
14,400000064907045
14,400000059374392
14,400000044254547
14,400000033019175
14,400000044290133
14,40000004846672
14,400000048659411
14,400000048691496
14,400000048659527
14,400000048466676
14,400000044290206
14,400000033019142
14,600000033096258
14,60000004469092
14,600000048848328
14,60000004902132
14,600000049055213
14,600000049021263
14,600000048848353
14,6000000446909
14,60000003309626
14,600000044652777
14,600000060375153
14,600000065909667
14,600000065948981
14,60000006600299
14,600000065948896
14,60000006590975
14,600000060375148
14,600000044652788
14,600000048638234
14,60000006586847
14,600000071896254
14,60000007193618
14,600000071987255
14,600000071936115
14,600000071896277
14,600000065868581
14,600000048638169
14,600000044652749
14,60000006037519
14,600000065909722
14,600000065948972
14,600000066002957
14,600000065948958
14,60000006590971
14,60000006037523
14,600000044652766
14,600000033096315
14,600000044690933
14,600000048848317
14,600000049021196
14,600000049055282
14,600000049021304
14,600000048848297
14,600000044690999
14,60000003309627
14,800000033152836
14,800000045080271
14,800000049212526
14,800000049365476
14,800000049401415
14,800000049365423
14,800000049212558
14,800000045080221
14,800000033152836
14,800000045039457
14,800000061391588
14,800000066920537
14,80000006693232
14,800000066990428
14,80000006693223
14,800000066920632
14,800000061391588
14,800000045039464
14,80000004901976
14,800000066907135
14,800000072926364
14,800000072937188
14,800000072992649
14,80000007293712
14,800000072926354
14,800000066907213
14,800000049019689
14,80000004503943
14,800000061391625
14,800000066920616
14,800000066932306
14,800000066990382
14,800000066932277
14,800000066920575
14,800000061391657
14,80000004503943
14,800000033152887
14,800000045080273
14,800000049212523
14,800000049365359
14,800000049401499
14,800000049365467
14,80000004921252
14,800000045080337
14,800000033152834
15,000000033188119
15,000000045457673
15,000000049558489
15,000000049691273
15,000000049729366
15,00000004969122
15,000000049558523
15,000000045457643
15,000000033188122
15,000000045414144
15,000000062424531
15,000000067940022
15,000000067924153
15,00000006798644
15,000000067924077
15,00000006794009
15,00000006242453
15,000000045414152
15,000000049383104
15,000000067954485
15,000000073956235
15,000000073937974
15,000000073997914
15,000000073937871
15,000000073956246
15,000000067954566
15,000000049383017
15,000000045414131
15,00000006242457
15,000000067940086
15,00000006792414
15,000000067986404
15,000000067924121
15,000000067940041
15,00000006242459
15,000000045414142
15,000000033188153
15,000000045457687
15,00000004955847
15,000000049691172
15,000000049729424
15,000000049691254
15,000000049558471
15,00000004545775
15,000000033188124
15,200000033201372
15,200000045822623
15,200000049885412
15,20000004999799
15,200000050038202
15,200000049997945
15,20000004988543
15,200000045822582
15,200000033201375
15,200000045776328
15,200000063474942
15,200000068968457
15,200000068924968
15,200000068991528
15,200000068924911
15,200000068968517
15,200000063474945
15,200000045776335
15,200000049727358
15,200000069010782
15,200000074985581
15,200000074938215
15,200000075002727
15,200000074938128
15,2000000749856
15,200000069010873
15,200000049727295
15,200000045776308
15,20000006347497
15,200000068968535
15,200000068924972
15,200000068991478
15,200000068924963
15,200000068968471
15,200000063474999
15,200000045776324
15,200000033201405
15,200000045822627
15,200000049885391
15,200000049997879
15,200000050038266
15,200000049997964
15,200000049885396
15,200000045822694
15,200000033201393
15,400000033191828
15,400000046174602
15,400000050192366
15,400000050284794
15,400000050327172
15,400000050284747
15,400000050192395
15,400000046174567
15,400000033191821
15,400000046125506
15,400000064543818
15,400000070006273
15,400000069935343
15,400000070006215
15,400000069935261
15,400000070006355
15,400000064543821
15,400000046125523
15,40000005005156
15,400000070076315
15,400000076013926
15,40000007593772
15,400000076006878
15,400000075937612
15,40000007601394
15,400000070076398
15,400000050051487
15,40000004612548
15,400000064543853
15,400000070006364
15,400000069935334
15,400000070006174
15,400000069935317
15,400000070006305
15,400000064543876
15,400000046125513
15,400000033191876
15,40000004617461
15,40000005019234
15,4000000502847
15,400000050327224
15,400000050284774
15,400000050192359
15,400000046174691
15,400000033191828
15,60000003315868
15,600000046513037
15,600000050478439
15,600000050550857
15,600000050595389
15,600000050550838
15,60000005047847
15,600000046512987
15,600000033158677
15,600000046461101
15,600000065632265
15,600000071053904
15,60000007095583
15,600000071031054
15,600000070955764
15,600000071053985
15,600000065632315
15,60000004646112
15,600000050354716
15,600000071151316
15,600000077040878
15,600000076936206
15,600000077010048
15,60000007693613
15,600000077040896
15,600000071151406
15,600000050354646
15,600000046461073
15,600000065632292
15,60000007105398
15,600000070955824
15,600000071031003
15,600000070955828
15,600000071053925
15,600000065632367
15,600000046461108
15,600000033158707
15,600000046513054
15,600000050478412
15,600000050550761
15,60000005059547
15,600000050550825
15,600000050478435
15,600000046513104
15,600000033158691
15,8000000331011
15,800000046837326
15,800000050742653
15,800000050795353
15,800000050841998
15,80000005079532
15,80000005074266
15,80000004683727
15,800000033101101
15,800000046782559
15,800000066741465
15,80000007211177
15,800000071987075
15,800000072066606
15,800000071987021
15,80000007211188
15,800000066741454
15,800000046782582
15,800000050635765
15,800000072236035
15,800000078065912
15,800000077933397
15,800000078011868
15,800000077933314
15,800000078065933
15,800000072236104
15,800000050635687
15,80000004678255
15,800000066741495
15,800000072111866
15,800000071987064
15,800000072066563
15,800000071987075
15,800000072111816
15,800000066741523
15,800000046782571
15,800000033101142
15,800000046837345
15,800000050742625
15,800000050795253
15,800000050842078
15,80000005079532
15,800000050742643
15,800000046837386
15,800000033101092
16,00000003301828
16,00000004714684
16,000000050983967
16,000000051017345
16,000000051066042
16,000000051017295
16,000000050983967
16,000000047146802
16,000000033018285
16,00000004708931
16,00000006787253
16,00000007318036
16,000000073029746
16,00000007311352
16,00000007302964
16,000000073180473
16,00000006787254
16,000000047089326
16,000000050893593
16,000000073330778
16,00000007908854
16,000000078928995
16,000000079012025
16,000000078928892
16,00000007908856
16,000000073330835
16,0000000508935
16,0000000470893
16,000000067872552
16,000000073180463
16,000000073029728
16,000000073113476
16,0000000730297
16,00000007318042
16,0000000678726
16,000000047089326
16,000000033018303
16,000000047146855
16,000000050983925
16,00000005101724
16,000000051066117
16,000000051017263
16,00000005098394
16,000000047146923
16,000000033018274
16,200000032909212
16,20000004744094
16,200000051201343
16,200000051215856
16,20000005126653
16,20000005121585
16,200000051201343
16,20000004744089
16,20000003290921
16,20000004738072
16,200000069026807
16,200000074260124
16,20000007408449
16,200000074172443
16,200000074084425
16,200000074260185
16,20000006902683
16,200000047380737
16,200000051126995
16,200000074435764
16,200000080108158
16,20000007992257
16,200000080010053
16,20000007992248
16,2000000801082
16,200000074435806
16,200000051126946
16,200000047380723
16,200000069026835
16,200000074260235
16,200000074084485
16,20000007417241
16,200000074084492
16,20000007426014
16,200000069026874
16,200000047380733
16,200000032909244
16,200000047440962
16,200000051201297
16,200000051215767
16,200000051266603
16,200000051215827
16,20000005120133
16,200000047441012
16,200000032909198
16,40000003277309
16,400000047718898
16,40000005139361
16,40000005138991
16,400000051442465
16,400000051389913
16,400000051393604
16,40000004771887
16,40000003277306
16,400000047656132
16,400000070205675
16,400000075351645
16,400000075152114
16,40000007524399
16,400000075152054
16,400000075351688
16,400000070205685
16,400000047656167
16,400000051334846
16,400000075551294
16,400000081124237
16,400000080913912
16,40000008100558
16,400000080913834
16,40000008112425
16,400000075551358
16,400000051334743
16,40000004765614
16,400000070205685
16,400000075351763
16,400000075152107
16,400000075243966
16,400000075152104
16,40000007535163
16,400000070205714
16,400000047656167
16,4000000327731
16,400000047718933
16,400000051393565
16,400000051389817
16,400000051442525
16,40000005138987
16,400000051393583
16,400000047718994
16,400000032773054
16,60000003260892
16,600000047979986
16,600000051559594
16,600000051538494
16,600000051592744
16,60000005153849
16,600000051559604
16,60000004797996
16,600000032608946
16,600000047914843
16,600000071410452
16,600000076455288
16,600000076233382
16,60000007632897
16,60000007623332
16,6000000764554
16,600000071410484
16,600000047914886
16,60000005151576
16,600000076677677
16,60000008213604
16,60000008190255
16,600000081998168
16,60000008190242
16,6000000821361
16,600000076677738
16,600000051515696
16,600000047914854
16,600000071410467
16,600000076455427
16,60000007623336
16,60000007632895
16,600000076233403
16,60000007645535
16,600000071410502
16,600000047914882
16,60000003260892
16,60000004798002
16,60000005155953
16,600000051538412
16,60000005159283
16,600000051538434
16,60000005155959
16,600000047980064
16,600000032608925
16,800000032415728
16,800000048223495
16,800000051698103
16,80000005166051
16,80000005171629
16,800000051660515
16,800000051698074
16,800000048223467
16,800000032415717
16,800000048156097
16,800000072642803
16,800000077571845
16,800000077329113
16,800000077428077
16,80000007732905
16,8000000775719
16,800000072642828
16,80000004815616
16,800000051668444
16,800000077815163
16,800000083142915
16,80000008288799
16,80000008298728
16,800000082887887
16,800000083142976
16,800000077815184
16,800000051668356
16,800000048156114
16,800000072642792
16,800000077571962
16,800000077329074
16,800000077428074
16,8000000773291
16,800000077571866
16,800000072642874
16,80000004815615
16,800000032415717
16,800000048223524
16,800000051698042
16,800000051660447
16,800000051716356
16,800000051660483
16,800000051698067
16,800000048223573
16,800000032415713
17,000000032192542
17,000000048448495
17,000000051807696
17,000000051754764
17,00000005181193
17,000000051754782
17,000000051807692
17,000000048448456
17,000000032192524
17,00000004837924
17,000000073904218
17,000000078701714
17,000000078440188
17,000000078542186
17,000000078440102
17,000000078701767
17,00000007390425
17,000000048379274
17,000000051791517
17,00000007896399
17,000000084144062
17,000000083869875
17,000000083972438
17,0000000838698
17,00000008414412
17,00000007896406
17,0000000517914
17,000000048379253
17,000000073904204
17,000000078701852
17,000000078440145
17,00000007854219
17,00000007844016
17,000000078701753
17,0000000739043
17,000000048379267
17,00000003219254
17,000000048448545
17,000000051807625
17,00000005175468
17,000000051811977
17,000000051754743
17,000000051807678
17,000000048448555
17,00000003219249
17,200000031938256
17,200000048654175
17,200000051887166
17,200000051820158
17,200000051878277
17,20000005182015
17,20000005188715
17,200000048654136
17,200000031938195
17,20000004858336
17,200000075196492
17,2000000798456
17,200000079567577
17,20000007967207
17,20000007956754
17,20000007984566
17,200000075196474
17,200000048583416
17,200000051883443
17,200000080124507
17,20000008513871
17,200000084847733
17,20000008495298
17,20000008484767
17,20000008513878
17,20000008012457
17,200000051883357
17,20000004858338
17,20000007519647
17,200000079845744
17,20000007956753
17,200000079672076
17,200000079567577
17,20000007984564
17,200000075196524
17,200000048583394
17,20000003193823
17,200000048654204
17,200000051887113
17,20000005182009
17,200000051878327
17,20000005182012
17,200000051887145
17,200000048654246
17,20000003193817
17,40000003165175
17,40000004883964
17,400000051934946
17,400000051855358
17,400000051914162
17,400000051855347
17,400000051934953
17,4000000488396
17,40000003165174
17,400000048767602
17,400000076521316
17,40000008100416
17,400000080712292
17,400000080818693
17,4000000807122
17,40000008100419
17,400000076521316
17,400000048767673
17,400000051942605
17,40000008129697
17,400000086126
17,400000085821038
17,400000085928383
17,400000085820967
17,40000008612603
17,40000008129705
17,40000005194251
17,400000048767645
17,400000076521295
17,400000081004283
17,400000080712253
17,400000080818682
17,400000080712257
17,40000008100417
17,400000076521348
17,40000004876764
17,400000031651732
17,400000048839676
17,4000000519349
17,400000051855287
17,40000005191421
17,400000051855304
17,40000005193494
17,400000048839697
17,400000031651732
17,600000031331984
17,600000049003825
17,60000005194963
17,60000005185907
17,60000005191815
17,600000051859084
17,600000051949625
17,60000004900379
17,60000003133197
17,600000048931157
17,600000077880654
17,60000008217796
17,600000081875333
17,600000081982888
17,600000081875255
17,600000082178035
17,600000077880647
17,600000048931186
17,60000005196748
17,600000082481706
17,600000087104906
17,600000086789215
17,6000000868979
17,60000008678921
17,60000008710495
17,600000082481756
17,600000051967385
17,600000048931207
17,600000077880626
17,600000082178084
17,600000081875276
17,60000008198289
17,60000008187529
17,600000082178017
17,60000007788066
17,60000004893116
17,600000031331973
17,60000004900383
17,60000005194959
17,600000051859006
17,600000051918222
17,600000051859038
17,600000051949625
17,60000004900387
17,60000003133195
17,800000030977806
17,8000000491458
17,800000051929537
17,800000051829908
17,800000051888823
17,80000005182995
17,800000051929537
17,80000004914576
17,800000030977767
17,80000004907299
17,80000007927652
17,800000083367834
17,80000008305788
17,80000008316578
17,800000083057785
17,800000083367895
17,800000079276526
17,800000049073024
17,80000005195636
17,8000000836789
17,800000088074505
17,800000087751762
17,800000087860806
17,800000087751734
17,800000088074512
17,80000008367897
17,800000051956236
17,800000049073024
17,80000007927649
17,800000083367976
17,80000008305784
17,80000008316581
17,80000008305782
17,80000008336787
17,800000079276547
17,800000049073013
17,800000030977795
17,800000049145808
17,800000051929487
17,800000051829862
17,80000005188888
17,800000051829876
17,800000051929537
17,80000004914585
17,800000030977774
18,000000030587948
18,000000049264425
18,000000051873084
18,000000051766534
18,00000005182469
18,000000051766566
18,000000051873048
18,00000004926441
18,00000003058791
18,000000049192245
18,000000080711033
18,00000008457441
18,000000084261046
18,000000084368324
18,000000084260964
18,00000008457452
18,000000080711
18,000000049192227
18,00000005190738
18,00000008488892
18,000000089033637
18,00000008870794
18,000000088816414
18,000000088707893
18,000000089033637
18,000000084889002
18,0000000519073
18,00000004919228
18,000000080710986
18,000000084574552
18,000000084261
18,000000084368338
18,000000084261004
18,00000008457449
18,000000080711043
18,00000004919221
18,000000030587934
18,00000004926444
18,000000051873027
18,000000051766484
18,000000051824752
18,000000051766495
18,000000051873055
18,000000049264482
18,000000030587902
18,200000030161238
18,200000049358533
18,200000051778478
18,200000051667313
18,200000051724086
18,20000005166738
18,200000051778495
18,200000049358508
18,20000003016123
18,200000049287677
18,200000082186456
18,200000085798557
18,200000085486185
18,200000085591665
18,200000085486096
18,200000085798642
18,20000008218646
18,200000049287762
18,2000000518187
18,20000008611201
18,200000089981188
18,200000089657124
18,200000089763833
18,20000008965711
18,20000008998117
18,200000086112112
18,200000051818616
18,20000004928771
18,200000082186403
18,200000085798695
18,20000008548613
18,200000085591675
18,200000085486142
18,200000085798592
18,20000008218652
18,200000049287738
18,200000030161238
18,200000049358536
18,200000051778435
18,20000005166728
18,20000005172414
18,20000005166731
18,200000051778513
18,200000049358593
18,200000030161224
18,40000002969637
18,400000049426964
18,400000051643918
18,4000000515307
18,400000051585447
18,40000005153078
18,400000051643897
18,400000049426968
18,400000029696344
18,400000049358347
18,40000008370521
18,400000087040997
18,40000008673462
18,40000008683695
18,400000086734536
18,400000087041093
18,40000008370514
18,40000004935839
18,400000051688373
18,400000087348516
18,400000090915928
18,400000090598635
18,400000090702168
18,400000090598624
18,400000090915892
18,40000008734855
18,40000005168827
18,400000049358397
18,40000008370515
18,40000008704113
18,40000008673458
18,40000008683694
18,400000086734583
18,400000087041047
18,400000083705205
18,40000004935838
18,400000029696344
18,40000004942699
18,40000005164386
18,40000005153067
18,40000005158548
18,400000051530707
18,400000051643907
18,400000049427035
18,400000029696344
18,60000002919206
18,60000004946837
18,600000051467415
18,60000005135513
18,600000051407008
18,600000051355163
18,600000051467394
18,600000049468356
18,600000029192024
18,60000004940307
18,60000008526974
18,60000008830267
18,60000008800778
18,60000008810538
18,60000008800771
18,600000088302718
18,600000085269702
18,600000049403093
18,60000005151429
18,60000008859853
18,60000009183644
18,600000091531665
18,600000091630477
18,600000091531676
18,600000091836442
18,600000088598605
18,60000005151422
18,6000000494031
18,600000085269695
18,60000008830279
18,60000008800774
18,60000008810538
18,600000088007754
18,60000008830268
18,600000085269745
18,600000049403064
18,600000029192046
18,600000049468388
18,600000051467376
18,600000051355092
18,600000051407047
18,60000005135509
18,600000051467422
18,600000049468402
18,60000002919205
18,80000002864688
18,800000049481476
18,80000005124701
18,800000051138728
18,80000005118688
18,800000051138717
18,800000051246972
18,800000049481447
18,8000000286469
18,800000049420554
18,800000086882832
18,80000008958432
18,800000089307158
18,800000089398306
18,800000089307108
18,8000000895844
18,800000086882775
18,800000049420536
18,800000051294287
18,800000089862515
18,80000009274144
18,80000009245547
18,800000092547712
18,80000009245546
18,800000092741406
18,80000008986253
18,800000051294234
18,800000049420586
18,800000086882783
18,800000089584433
18,80000008930713
18,800000089398317
18,800000089307133
18,800000089584355
18,800000086882847
18,800000049420518
18,800000028646878
18,800000049481454
18,800000051246975
18,8000000511387
18,800000051186924
18,800000051138642
18,800000051247004
18,80000004948146
18,800000028646924
19,000000028059553
19,00000004946464
19,000000050980525
19,00000005087973
19,0000000509231
19,000000050879752
19,00000005098051
19,000000049464635
19,000000028059546
19,000000049409497
19,000000088547257
19,000000090887067
19,00000009063433
19,00000009071704
19,00000009063429
19,00000009088709
19,00000008854725
19,0000000494095
19,000000051026127
19,00000009114058
19,000000093629282
19,000000093369167
19,000000093452748
19,00000009336914
19,000000093629254
19,00000009114061
19,000000051026092
19,00000004940952
19,000000088547214
19,00000009088715
19,000000090634302
19,000000090717045
19,00000009063431
19,000000090887053
19,000000088547274
19,000000049409486
19,00000002805955
19,00000004946462
19,00000005098051
19,00000005087971
19,000000050923127
19,000000050879702
19,000000050980557
19,00000004946464
19,000000028059556
19,20000002742854
19,200000049416488
19,20000005066583
19,200000050576246
19,200000050613724
19,20000005057628
19,200000050665775
19,200000049416527
19,20000002742855
19,20000004936855
19,200000090266027
19,200000092211777
19,200000091991065
19,200000092063025
19,200000091991036
19,20000009221177
19,200000090266016
19,200000049368555
19,200000050707455
19,200000092433054
19,200000094498424
19,2000000942717
19,200000094344492
19,200000094271704
19,200000094498407
19,200000092433058
19,2000000507074
19,200000049368573
19,200000090265995
19,200000092211827
19,20000009199104
19,200000092063046
19,200000091991058
19,200000092211717
19,200000090266045
19,200000049368565
19,200000027428548
19,200000049416477
19,20000005066581
19,20000005057626
19,200000050613767
19,200000050576243
19,20000005066583
19,200000049416516
19,200000027428565
19,40000002675242
19,40000004933525
19,400000050300466
19,400000050226232
19,400000050256605
19,400000050226254
19,400000050300456
19,40000004933525
19,400000026752426
19,40000004929626
19,40000009204232
19,400000093559395
19,40000009337914
19,4000000934378
19,400000093379106
19,400000093559402
19,40000009204233
19,40000004929626
19,400000050335713
19,400000093740104
19,400000095347046
19,400000095162312
19,400000095221618
19,400000095162298
19,400000095347053
19,400000093740154
19,400000050335695
19,400000049296285
19,40000009204229
19,400000093559452
19,400000093379134
19,40000009343782
19,40000009337913
19,400000093559363
19,40000009204235
19,400000049296256
19,40000002675242
19,40000004933524
19,400000050300438
19,40000005022624
19,400000050256644
19,400000050226232
19,400000050300505
19,40000004933527
19,40000002675243
19,60000002602959
19,600000049219332
19,600000049882023
19,6000000498276
19,600000049849466
19,600000049827614
19,600000049882023
19,600000049219343
19,600000026029644
19,60000004919111
19,600000093879565
19,60000009493108
19,60000009480048
19,60000009484295
19,600000094800436
19,600000094931083
19,600000093879533
19,600000049191095
19,600000049908306
19,600000095062015
19,600000096173382
19,60000009603989
19,6000000960827
19,60000009603985
19,600000096173382
19,600000095062004
19,600000049908285
19,60000004919112
19,600000093879537
19,60000009493111
19,60000009480046
19,600000094842947
19,60000009480044
19,600000094931055
19,600000093879544
19,60000004919109
19,600000026029594
19,600000049219332
19,60000004988203
19,600000049827617
19,600000049849534
19,600000049827617
19,600000049882073
19,60000004921933
19,60000002602966
19,80000002525863
19,80000004906674
19,80000004940801
19,800000049378184
19,800000049389947
19,800000049378202
19,800000049407988
19,800000049066746
19,800000025258665
19,80000004905145
19,800000095781225
19,800000096327956
19,80000009625711
19,80000009628016
19,800000096257108
19,80000009632798
19,800000095781236
19,800000049051427
19,80000004942259
19,800000096398996
19,800000096975513
19,80000009690324
19,800000096926443
19,80000009690323
19,80000009697551
19,800000096398986
19,800000049422575
19,800000049051473
19,800000095781215
19,800000096327963
19,80000009625709
19,80000009628017
19,8000000962571
19,80000009632796
19,800000095781265
19,800000049051416
19,800000025258633
19,800000049066742
19,80000004940801
19,8000000493782
19,80000004938996
19,800000049378202
19,800000049408023
19,80000004906674
19,800000025258676
20,000000024437792
20,000000048875584
20,000000048875584
20,000000048875584
20,000000048875584
20,000000048875584
20,000000048875584
20,000000048875584
20,000000024437792
20,000000048875584
20,00000009775115
20,00000009775115
20,00000009775115
20,00000009775115
20,00000009775115
20,00000009775115
20,00000009775115
20,000000048875584
20,000000048875584
20,00000009775115
20,00000009775115
20,00000009775115
20,00000009775115
20,00000009775115
20,00000009775115
20,00000009775115
20,000000048875584
20,000000048875584
20,00000009775115
20,00000009775115
20,00000009775115
20,00000009775115
20,00000009775115
20,00000009775115
20,00000009775115
20,000000048875584
20,000000024437792
20,000000048875584
20,000000048875584
20,000000048875584
20,000000048875584
20,000000048875584
20,000000048875584
20,000000048875584
20,000000024437792
