5,622121546287055E-10
1,1244243010279963E-09
1,1244243001629993E-09
1,1244243009147944E-09
1,1244243032203273E-09
1,1244243009150033E-09
1,1244243001630132E-09
1,1244243010277389E-09
5,622121546285902E-10
1,124424301730117E-09
2,2488486080786277E-09
2,2488486091142914E-09
2,248848612185703E-09
2,248848610229856E-09
2,2488486121886466E-09
2,2488486091175877E-09
2,2488486080803855E-09
1,1244243017304805E-09
1,1244243016895677E-09
2,248848605949828E-09
2,2488486103001193E-09
2,248848613659402E-09
2,248848613376864E-09
2,2488486136690253E-09
2,2488486103131383E-09
2,2488486059593666E-09
1,124424301692126E-09
1,1244243017278048E-09
2,2488486080701826E-09
2,248848609102601E-09
2,2488486121746586E-09
2,2488486102227725E-09
2,2488486121867764E-09
2,248848609119634E-09
2,248848608083317E-09
1,1244243017314316E-09
5,622121546277476E-10
1,1244243010245003E-09
1,1244243001581566E-09
1,1244243009102135E-09
1,1244243032173923E-09
1,1244243009142284E-09
1,1244243001638546E-09
1,1244243010289447E-09
5,622121546289821E-10
0,2000000062245678
0,2000000003569225
0,2000000017706364
0,20000000095956255
0,20000000300174084
0,20000000095954132
0,200000001770562
0,20000000035682267
0,200000006224534
0,20000000046117355
0,20000000341913393
0,20000000281149047
0,20000000381270405
0,20000000239724183
0,20000000381291333
0,20000000281165475
0,20000000341913807
0,20000000046115515
0,20000000294164094
0,20000000198802245
0,2000000033354177
0,20000000330418058
0,20000000377954685
0,20000000330522405
0,20000000333678836
0,20000000198898957
0,20000000294189524
0,20000000046087638
0,20000000341805133
0,2000000028099929
0,20000000381129526
0,2000000023963583
0,20000000381271696
0,2000000028119711
0,20000000341955457
0,2000000004612897
0,2000000062244451
0,20000000035647275
0,2000000017700153
0,20000000095898016
0,2000000030013731
0,20000000095945977
0,2000000017706913
0,200000000356997
0,20000000622458838
0,40000001175740973
0,3999999996824333
0,40000000240855893
0,40000000077950604
0,4000000048475717
0,40000000077967496
0,4000000024088293
0,39999999968267125
0,4000000117574816
0,39999999986088847
0,4000000045170965
0,4000000033902127
0,40000000539443986
0,40000000254255463
0,4000000053945724
0,4000000033904818
0,40000000451737694
0,3999999998609748
0,4000000047275357
0,40000000177385403
0,4000000044232978
0,40000000434140837
0,40000000531347407
0,4000000043403179
0,40000000442174927
0,400000001772657
0,4000000047272063
0,3999999998613836
0,4000000045189296
0,40000000339281166
0,4000000053969809
0,4000000025442938
0,40000000539514363
0,40000000339013964
0,40000000451677853
0,39999999986078
0,40000001175761657
0,39999999968319055
0,4000000024096317
0,4000000007805603
0,4000000048482896
0,40000000077991377
0,400000002408685
0,39999999968242883
0,40000001175739724
0,6000000171966511
0,5999999990508
0,6000000030867588
0,6000000005569907
0,6000000066787416
0,6000000005565859
0,6000000030862407
0,5999999990504499
0,600000017196563
0,5999999992978952
0,6000000055815177
0,6000000039584032
0,6000000070331648
0,6000000026868334
0,600000007032197
0,6000000039572772
0,6000000055808589
0,5999999992977428
0,6000000064632249
0,6000000016058636
0,6000000055154674
0,6000000053449299
0,6000000068006094
0,6000000053449769
0,6000000055159337
0,6000000016066149
0,600000006463491
0,5999999992973595
0,600000005579502
0,6000000039554086
0,6000000070299952
0,6000000026844008
0,6000000070310331
0,6000000039572787
0,6000000055813236
0,5999999992979238
0,6000000171964296
0,5999999990499653
0,6000000030855107
0,6000000005556752
0,6000000066777278
0,6000000005561078
0,6000000030862394
0,5999999990506458
0,6000000171966341
0,8000000224579816
0,7999999984118012
0,8000000038508773
0,8000000003411342
0,80000000846136
0,800000000341692
0,800000003851459
0,7999999984120639
0,8000000224580301
0,7999999988320142
0,8000000066354328
0,800000004486639
0,8000000086580304
0,8000000028780306
0,800000008659675
0,8000000044882307
0,8000000066359754
0,7999999988320581
0,8000000080454751
0,8000000015121415
0,8000000065990418
0,800000006385762
0,8000000081983033
0,800000006386974
0,8000000065997301
0,8000000015117357
0,8000000080452228
0,7999999988324218
0,8000000066370664
0,800000004489338
0,8000000086612639
0,8000000028809581
0,8000000086615057
0,8000000044888411
0,8000000066358808
0,7999999988319847
0,8000000224581523
0,7999999984124774
0,8000000038519869
0,8000000003424736
0,8000000084625614
0,8000000003424532
0,8000000038517069
0,7999999984120337
0,8000000224579928
1,000000027387077
0,9999999978751228
1,0000000047127549
1,0000000001571743
1,000000010135783
1,0000000001567113
1,0000000047124213
0,9999999978751707
1,0000000273871323
0,9999999985807574
1,000000007609956
1,000000005001304
1,0000000102657638
1,0000000031713203
1,0000000102642093
1,0000000050002908
1,0000000076102629
0,9999999985810021
1,0000000093038932
1,0000000015720172
1,0000000076393496
1,000000007499312
1,0000000094659454
1,0000000074976025
1,0000000076384519
1,0000000015727684
1,0000000093043113
0,9999999985805862
1,0000000076091404
1,0000000049995066
1,0000000102630053
1,000000003168323
1,0000000102618811
1,000000004999146
1,0000000076099882
0,9999999985809965
1,0000000273870011
0,999999997874781
1,0000000047120012
1,0000000001560365
1,0000000101345239
1,000000000155757
1,000000004711939
0,9999999978750713
1,0000000273871255
1,200000031876663
1,199999997547505
1,2000000056382354
1,1999999999744229
1,2000000117405927
1,1999999999745856
1,200000005638088
1,1999999975470492
1,20000003187649
1,1999999985972707
1,2000000084429305
1,200000005513867
1,2000000118242171
1,2000000035413503
1,2000000118248857
1,2000000055135376
1,2000000084414688
1,1999999985966754
1,2000000102111994
1,2000000018395336
1,200000008625297
1,2000000086364018
1,2000000106726367
1,2000000086375808
1,200000008625325
1,2000000018380468
1,2000000102105688
1,1999999985971619
1,2000000084427944
1,2000000055145648
1,2000000118261915
1,2000000035441287
1,200000011827344
1,2000000055149607
1,200000008441935
1,1999999985967538
1,2000000318766182
1,1999999975474451
1,2000000056385116
1,1999999999752413
1,200000011741729
1,19999999997561
1,2000000056386655
1,199999997547254
1,2000000318765098
1,4000000359348166
1,399999997441154
1,4000000065648923
1,399999999768228
1,4000000132980646
1,3999999997684294
1,4000000065654172
1,399999997441788
1,4000000359350324
1,3999999988851697
1,400000009134495
1,400000006062203
1,400000013375702
1,4000000039820388
1,4000000133761301
1,4000000060636966
1,4000000091364813
1,3999999988858336
1,400000010836913
1,4000000022799794
1,4000000095819667
1,400000009779608
1,4000000118192035
1,4000000097794483
1,400000009582806
1,400000002281667
1,4000000108375283
1,3999999988855114
1,4000000091354772
1,4000000060625937
1,4000000133746349
1,4000000039798663
1,400000013373957
1,400000006062443
1,400000009136103
1,3999999988858045
1,4000000359349587
1,3999999974415456
1,4000000065650384
1,3999999997677932
1,4000000132971449
1,3999999997675325
1,400000006564888
1,3999999974416526
1,4000000359350149
1,6000000396469625
1,5999999975021857
1,600000007519434
1,5999999995620022
1,6000000148239575
1,5999999995615986
1,6000000075188296
1,5999999975016888
1,6000000396468257
1,5999999994139995
1,6000000097240414
1,6000000066179974
1,6000000149062636
1,6000000044888523
1,6000000149051308
1,6000000066163262
1,6000000097226703
1,5999999994136018
1,6000000112528479
1,6000000028212125
1,6000000105410443
1,6000000108904961
1,6000000129551677
1,6000000108898615
1,600000010540108
1,6000000028204937
1,6000000112526533
1,5999999994135194
1,6000000097225782
1,6000000066169382
1,6000000149065992
1,6000000044904008
1,6000000149067415
1,6000000066171924
1,6000000097228
1,5999999994135952
1,600000039646764
1,5999999975015726
1,6000000075189813
1,5999999995621437
1,6000000148245759
1,5999999995622745
1,6000000075191818
1,5999999975017578
1,6000000396468084
1,800000043021108
1,799999997693626
1,8000000085008603
1,7999999993602898
1,8000000162551903
1,799999999360729
1,8000000085012282
1,7999999976936811
1,8000000430210945
1,800000000156848
1,8000000102551303
1,8000000071760585
1,800000016436012
1,8000000050635523
1,8000000164372807
1,8000000071770004
1,8000000102550413
1,8000000001566825
1,8000000115049606
1,8000000033960444
1,80000001151873
1,8000000119606476
1,800000014066989
1,8000000119615398
1,8000000115188006
1,8000000033950216
1,8000000115045207
1,800000000157332
1,800000010256704
1,8000000071774451
1,8000000164362115
1,8000000050627523
1,8000000164363288
1,800000007176664
1,8000000102551954
1,8000000001567933
1,8000000430213137
1,799999997694271
1,8000000085014092
1,7999999993603832
1,8000000162548337
1,7999999993603462
1,8000000085010692
1,799999997693765
1,800000043021131
2,0000000460672385
1,9999999980182137
2,000000009478042
1,9999999991948199
2,0000000175542425
1,999999999194477
2,000000009477978
1,9999999980185634
2,0000000460673872
2,0000000011059416
2,0000000107069136
2,0000000077831213
2,0000000179474586
2,0000000057034697
2,0000000179464053
2,000000007783168
2,0000000107083844
2,000000001106538
2,0000000115827206
2,0000000040349417
2,0000000124857467
2,0000000129962388
2,0000000151454325
2,000000012995403
2,000000012486543
2,0000000040374726
2,000000011583698
2,0000000011055397
2,0000000107056595
2,0000000077819293
2,000000017946996
2,0000000057037424
2,000000017946732
2,0000000077831586
2,0000000107081046
2,000000001106449
2,0000000460670737
1,9999999980176908
2,0000000094775294
1,9999999991946367
2,0000000175543335
1,999999999194629
2,000000009477957
1,9999999980184688
2,0000000460673357
2,20000004882375
2,19999999846807
2,2000000104597017
2,1999999990924315
2,200000018744754
2,199999999092664
2,2000000104595676
2,1999999984675114
2,200000048823546
2,2000000022533093
2,200000011057997
2,200000008447737
2,200000019424385
2,200000006416466
2,2000000194250986
2,2000000084470983
2,2000000110559284
2,200000002252491
2,2000000114953417
2,200000004768706
2,2000000134108215
2,200000014026804
2,200000016184462
2,200000014027465
2,20000001340959
2,2000000047657595
2,2000000114942364
2,2000000022535167
2,200000011058714
2,2000000084485833
2,2000000194249925
2,200000006416857
2,2000000194253255
2,2000000084473754
2,200000011056172
2,2000000022525894
2,2000000488238425
2,199999998468356
2,2000000104600437
2,1999999990926926
2,2000000187448805
2,199999999092778
2,200000010459656
2,1999999984676277
2,200000048823563
2,4000000513330155
2,399999999041664
2,400000011436185
2,3999999989893306
2,40000001984805
2,399999998989252
2,400000011436408
2,399999999042156
2,400000051333205
2,400000003509147
2,4000000113283937
2,4000000091801312
2,400000020886876
2,40000000719101
2,400000020886557
2,400000009180964
2,4000000113301874
2,4000000035097893
2,400000011314025
2,4000000055446047
2,4000000142967988
2,400000015044388
2,4000000171716094
2,400000015043978
2,400000014297787
2,4000000055468966
2,400000011314891
2,4000000035091538
2,400000011328406
2,4000000091798914
2,4000000208861763
2,4000000071901524
2,4000000208858423
2,4000000091806535
2,4000000113301647
2,400000003509838
2,400000051333022
2,3999999990416545
2,400000011436046
2,399999998989056
2,400000019847669
2,3999999989889718
2,400000011436259
2,399999999042176
2,400000051333206
2,6000000536362404
2,599999999720014
2,600000012406718
2,5999999989024873
2,600000020897074
2,599999998902407
2,6000000124064444
2,5999999997196483
2,6000000536361263
2,6000000048168603
2,6000000115662285
2,600000009971191
2,600000022345505
2,600000008016101
2,6000000223452617
2,6000000099703406
2,600000011565077
2,600000004816448
2,600000011158566
2,600000006315391
2,600000015164827
2,60000001604888
2,6000000180812384
2,600000016048786
2,600000015164021
2,600000006314192
2,6000000111581447
2,600000004816593
2,6000000115655517
2,600000009971018
2,6000000223463435
2,6000000080176022
2,6000000223464146
2,6000000099706675
2,600000011564817
2,6000000048163385
2,6000000536361356
2,59999999971973
2,600000012406622
2,5999999989028373
2,600000020897655
2,5999999989029074
2,6000000124065483
2,5999999997195657
2,6000000536360623
2,8000000556930265
2,800000000469903
2,800000013407732
2,799999998855878
2,800000021796876
2,799999998856146
2,800000013408035
2,8000000004700873
2,800000055693064
2,8000000062045944
2,800000011775832
2,8000000107825214
2,800000023773497
2,8000000089572006
2,8000000237743063
2,8000000107834793
2,800000011776379
2,8000000062046864
2,800000010977605
2,800000007055823
2,800000016042623
2,8000000170313024
2,8000000188923013
2,800000017032037
2,8000000160433505
2,8000000070561404
2,8000000109776564
2,8000000062050243
2,80000001177713
2,8000000107831937
2,8000000237726104
2,8000000089553883
2,8000000237729283
2,800000010783403
2,8000000117770476
2,8000000062049812
2,8000000556932068
2,8000000004704217
2,8000000134079777
2,79999999885552
2,800000021796086
2,7999999988555886
2,800000013407986
2,8000000004703947
2,80000005569317
3,000000057570963
3,0000000012465438
3,0000000144606687
2,999999998872064
3,0000000224882046
2,9999999988717243
3,000000014460355
3,0000000012464736
3,0000000575709675
3,000000007658542
3,0000000120025465
3,0000000115776304
3,0000000251884433
3,0000000100379713
3,0000000251872856
3,0000000115767067
3,000000012002441
3,0000000076585818
3,000000010746639
3,0000000077954687
3,0000000169258336
3,0000000180162325
3,0000000195724343
3,000000018015002
3,0000000169249543
3,00000000779565
3,00000001074682
3,0000000076579814
3,000000012000952
3,000000011576797
3,000000025189372
3,0000000100400013
3,0000000251885877
3,000000011576416
3,000000012001326
3,000000007658199
3,0000000575707397
3,000000001245868
3,0000000144602916
2,9999999988724584
3,0000000224890164
2,999999998872275
3,000000014460225
3,000000001246044
3,000000057570785
3,2000000594354416
3,200000002018317
3,2000000155660033
3,1999999989495085
3,2000000230213614
3,199999998949773
3,200000015566146
3,200000002018208
3,2000000594353906
3,200000009078423
3,2000000122498076
3,2000000123511505
3,200000026583037
3,200000011230365
3,200000026583953
3,2000000123516865
3,2000000122494647
3,2000000090781993
3,200000010552946
3,2000000085315117
3,2000000178024504
3,200000018995704
3,2000000201407075
3,200000018996861
3,200000017803037
3,20000000853107
3,200000010552683
3,200000009078987
3,200000012251509
3,2000000123521772
3,200000026582274
3,20000001122871
3,200000026583152
3,2000000123526466
3,2000000122511403
3,2000000090788028
3,2000000594356814
3,2000000020190065
3,2000000155663915
3,1999999989491967
3,200000023020629
3,199999998949461
3,200000015566517
3,200000002018926
3,2000000594356166
3,4000000613067036
3,4000000028039365
3,40000001675821
3,399999999061531
3,4000000234674737
3,3999999990615084
3,4000000167583235
3,400000002804172
3,4000000613067867
3,4000000104744035
3,4000000124896133
3,4000000131390484
3,400000027930603
3,4000000125106653
3,400000027930399
3,400000013139346
3,400000012490339
3,400000010474672
3,4000000103690424
3,400000009295407
3,4000000186549064
3,4000000199992986
3,4000000206394514
3,4000000199987293
3,400000018654758
3,4000000092959923
3,4000000103692916
3,4000000104738777
3,4000000124881167
3,4000000131381896
3,4000000279311826
3,400000012511854
3,400000027930484
3,4000000131377566
3,400000012488294
3,400000010474021
3,4000000613064882
3,4000000028033157
3,40000001675781
3,3999999990617744
3,4000000234679124
3,39999999906155
3,400000016757655
3,4000000028033455
3,400000061306494
3,600000063104929
3,600000003576705
3,600000018005165
3,5999999991965583
3,600000023822793
3,599999999196354
3,6000000180047884
3,600000003576348
3,6000000631048272
3,600000011875166
3,6000000127176364
3,6000000139330464
3,600000029251413
3,600000013879127
3,600000029250844
3,6000000139320747
3,600000012716645
3,600000011874832
3,6000000101519856
3,6000000101002327
3,6000000194528616
3,6000000210417524
3,6000000210147696
3,6000000210415797
3,600000019452334
3,6000000100996363
3,6000000101517875
3,600000011875561
3,600000012718837
3,6000000139338915
3,6000000292512255
3,600000013878742
3,600000029251493
3,6000000139341277
3,600000012718884
3,6000000118755677
3,6000000631051035
3,6000000035771924
3,6000000180054594
3,599999999196493
3,600000023822599
3,599999999196643
3,6000000180056224
3,6000000035772928
3,600000063105108
3,800000064758769
3,800000004356178
3,8000000193250387
3,7999999993939566
3,800000024090364
3,799999999394273
3,800000019325428
3,8000000043564537
3,800000064758851
3,8000000132847123
3,8000000129382276
3,8000000147555646
3,800000030529
3,8000000152861633
3,800000030529851
3,800000014756705
3,800000012939
3,800000013284886
3,8000000099553497
3,8000000109165297
3,8000000202167468
3,800000022111483
3,8000000213623224
3,8000000221120627
3,8000000202173356
3,8000000109168743
3,8000000099554416
3,8000000132844165
3,800000012937404
3,800000014754979
3,8000000305289143
3,8000000152861313
3,8000000305289343
3,8000000147548496
3,8000000129371774
3,8000000132843574
3,800000064758653
3,800000004355833
3,8000000193247483
3,7999999993939317
3,800000024090309
3,7999999993939
3,800000019324655
3,800000004355723
3,8000000647586027
4,00000006617917
4,000000005143622
4,000000020677716
3,9999999996549422
4,000000024325921
3,999999999654782
4,000000020677518
4,000000005143528
4,000000066179154
4,0000000146948524
4,000000013179309
4,000000015590838
4,0000000317646895
4,000000016701626
4,000000031764129
4,000000015590343
4,000000013179108
4,0000000146947965
4,000000009845816
4,00000001171989
4,0000000209723945
4,000000023182184
4,000000021703454
4,000000023181665
4,000000020971967
4,000000011719902
4,000000009845877
4,000000014695015
4,000000013179923
4,0000000155914845
4,000000031765069
4,000000016701988
4,000000031764792
4,000000015591411
4,000000013180149
4,000000014695128
4,000000066179247
4,000000005143861
4,000000020677932
3,999999999655087
4,000000024326035
3,9999999996550617
4,000000020677956
4,000000005143968
4,000000066179269
4,200000067287041
4,200000005942771
4,200000021996114
4,199999999987181
4,200000024549824
4,19999999998711
4,200000021995919
4,200000005942567
4,200000067286987
4,2000000160952276
4,200000013474342
4,2000000164540365
4,20000003297007
4,200000018135211
4,20000003296991
4,200000016453637
4,200000013473787
4,200000016095024
4,200000009807959
4,200000012475846
4,2000000217273445
4,200000024233521
4,200000022067277
4,2000000242336855
4,200000021727252
4,200000012475582
4,200000009807855
4,200000016095087
4,200000013473911
4,200000016453531
4,200000032969658
4,200000018135059
4,200000032970002
4,200000016453864
4,200000013474032
4,200000016095104
4,200000067286998
4,200000005942595
4,200000021995853
4,199999999986991
4,20000002454972
4,199999999987151
4,200000021996024
4,200000005942699
4,200000067287002
4,400000068101419
4,400000006790352
4,40000002326893
4,400000000460559
4,400000024726362
4,400000000460889
4,400000023269376
4,400000006790721
4,400000068101533
4,400000017516673
4,400000013789835
4,400000017347618
4,400000034124912
4,400000019545078
4,400000034125691
4,400000017348826
4,400000013790761
4,400000017516933
4,400000009774097
4,400000013262897
4,4000000224437015
4,400000025274747
4,4000000224759015
4,4000000252749425
4,400000022443873
4,400000013263069
4,400000009774141
4,400000017516766
4,40000001379023
4,40000001734826
4,400000034125479
4,400000019545132
4,400000034124895
4,400000017347429
4,400000013789529
4,400000017516566
4,400000068101476
4,40000000679053
4,400000023269135
4,400000000460804
4,40000002472633
4,40000000046056
4,400000023268796
4,400000006790215
4,40000006810137
4,600000068680102
4,600000007663057
4,600000024502532
4,600000001091083
4,600000024876783
4,600000001090661
4,60000002450196
4,600000007662653
4,60000006868
4,60000001889879
4,600000014130144
4,600000018268338
4,600000035226164
4,600000020951949
4,600000035225057
4,600000018266928
4,600000014129163
4,600000018898509
4,60000000975104
4,600000014110468
4,600000023134287
4,60000002629216
4,6000000229518365
4,600000026291805
4,600000023134025
4,600000014110616
4,600000009751107
4,600000018898744
4,6000000141299795
4,600000018267985
4,600000035225765
4,600000020952138
4,600000035226337
4,600000018269067
4,60000001413113
4,6000000188991095
4,600000068680104
4,600000007662981
4,6000000245023305
4,600000001090921
4,600000024876821
4,600000001091198
4,600000024502803
4,60000000766346
4,600000068680228
4,800000068987641
4,800000008545383
4,800000025725387
4,800000001854939
4,800000024991479
4,800000001855341
4,800000025725839
4,800000008545633
4,800000068987709
4,800000020256712
4,800000014492477
4,800000019181547
4,800000036293929
4,8000000223254515
4,800000036294961
4,800000019182717
4,80000001449302
4,800000020256796
4,800000009754195
4,800000015036345
4,8000000237846026
4,800000027326313
4,80000002345789
4,8000000273268455
4,8000000237847695
4,800000015036029
4,800000009754051
4,800000020256646
4,80000001449232
4,800000019181686
4,8000000362943025
4,800000022325491
4,80000003629403
4,800000019180836
4,8000000144912685
4,8000000202562845
4,8000000689876225
4,800000008545304
4,800000025725385
4,800000001855076
4,800000024991474
4,800000001854952
4,800000025725049
4,8000000085449015
4,800000068987492
5,000000069068972
5,000000009465027
5,000000026924895
5,000000002744749
5,000000025007345
5,000000002744526
5,000000026924682
5,000000009464955
5,000000069068965
5,000000021569771
5,000000014863577
5,000000020092179
5,000000037316395
5,000000023709208
5,0000000373155755
5,00000002009152
5,000000014863404
5,00000002156975
5,000000009698439
5,000000016104784
5,000000024368422
5,0000000284035835
5,000000023994144
5,000000028402795
5,000000024367776
5,000000016104872
5,000000009698551
5,000000021569992
5,0000000148643675
5,000000020092799
5,000000037316313
5,000000023708897
5,000000037315819
5,000000020092512
5,000000014864594
5,000000021570167
5,000000069069076
5,000000009465362
5,000000026925111
5,000000002744728
5,000000025007175
5,000000002744627
5,000000026925107
5,000000009465469
5,0000000690691255
5,200000068975962
5,2000000104249455
5,200000028073243
5,200000003760438
5,2000000249378315
5,200000003760528
5,200000028073212
5,200000010424795
5,200000068975904
5,200000022850099
5,2000000152405175
5,200000021007751
5,200000038291788
5,200000025061708
5,200000038292173
5,200000021007928
5,200000015240246
5,2000000228499115
5,2000000096145635
5,200000017301787
5,200000024876511
5,200000029544096
5,200000024534947
5,200000029545195
5,200000024877575
5,2000000173021945
5,200000009614633
5,20000002284961
5,200000015239069
5,2000000210065815
5,2000000382917095
5,200000025062539
5,200000038293018
5,200000021008082
5,200000015239982
5,200000022849788
5,200000068975766
5,200000010424344
5,2000000280727114
5,200000003760422
5,200000024938163
5,200000003760874
5,200000028073264
5,200000010424678
5,200000068975844
5,400000068433908
5,40000001151036
5,400000029155842
5,400000004932447
5,400000024755841
5,400000004932571
5,400000029156094
5,400000011510626
5,400000068433961
5,400000024217799
5,400000015570968
5,400000021933548
5,400000039228408
5,400000026366755
5,400000039228403
5,400000021933883
5,400000015571457
5,400000024217965
5,400000009467407
5,400000018656287
5,400000025302471
5,400000030768754
5,400000025132548
5,400000030767613
5,400000025301124
5,400000018655542
5,400000009467232
5,400000024218396
5,4000000155729975
5,400000021935393
5,400000039228784
5,400000026365704
5,400000039227014
5,400000021933017
5,400000015571338
5,400000024217979
5,400000068434158
5,40000001151118
5,400000029156556
5,4000000049326
5,400000024755376
5,400000004932002
5,400000029155774
5,400000011510603
5,4000000684339735
5,600000067277603
5,6000000128120835
5,600000030122308
5,600000006309829
5,60000002441555
5,600000006309575
5,600000030121898
5,600000012811737
5,600000067277485
5,600000025710228
5,600000015841233
5,600000022879123
5,600000040078116
5,600000027645316
5,600000040077632
5,600000022878369
5,600000015840469
5,600000025709995
5,6000000092823194
5,600000020113668
5,600000025671883
5,600000032055712
5,600000025804204
5,600000032056318
5,6000000256726254
5,600000020114188
5,600000009282459
5,600000025709541
5,600000015839094
5,600000022877268
5,60000004007783
5,600000027646539
5,600000040079198
5,600000022879179
5,600000015840642
5,600000025709977
5,600000067277329
5,600000012811205
5,600000030121478
5,600000006309702
5,600000024416004
5,600000006310199
5,600000030122245
5,600000012811814
5,600000067277475
5,800000065636299
5,800000014295372
5,80000003097786
5,800000007850058
5,800000023967344
5,800000007850327
5,800000030978231
5,800000014295638
5,800000065636376
5,800000027275713
5,800000016079001
5,8000000238473755
5,800000040845773
5,800000028892074
5,800000040846503
5,8000000238483596
5,800000016079648
5,800000027275851
5,800000009147709
5,800000021607711
5,800000026042164
5,8000000333915365
5,8000000266006735
5,800000033391812
5,80000002604233
5,800000021607725
5,800000009147678
5,800000027276293
5,800000016080921
5,800000023849048
5,800000040845967
5,800000028891094
5,800000040845613
5,800000023848341
5,800000016080263
5,800000027276108
5,80000006563654
5,80000001429617
5,80000003097849
5,800000007850124
5,800000023966915
5,800000007849971
5,800000030978213
5,800000014295916
5,800000065636455
6,000000063593529
6,000000015906475
6,00000003175174
6,000000009514355
6,000000023475623
6,000000009514195
6,000000031751558
6,000000015906405
6,000000063593515
6,000000028864347
6,000000016308724
6,000000024835877
6,0000000415331725
6,000000030084488
6,000000041532473
6,000000024835244
6,000000016308435
6,000000028864302
6,000000009087679
6,0000000231302675
6,00000002639447
6,000000034771558
6,0000000275248855
6,000000034770581
6,000000026393414
6,000000023129884
6,000000009087603
6,000000028863894
6,000000016307478
6,000000024835137
6,000000041533493
6,000000030085309
6,0000000415326715
6,0000000248342165
6,000000016307114
6,000000028863866
6,000000063593363
6,00000001590598
6,00000003175137
6,000000009514483
6,000000023475955
6,000000009514261
6,000000031751127
6,00000001590586
6,000000063593331
6,200000061203288
6,200000017571624
6,2000000324469715
6,200000011282871
6,200000022905363
6,20000001128291
6,2000000324467965
6,200000017571399
6,200000061203176
6,200000030494754
6,2000000165411775
6,2000000258332735
6,20000004216105
6,200000031265605
6,2000000421612995
6,200000025833208
6,200000016540634
6,200000030494508
6,200000009167925
6,20000002464249
6,200000026738703
6,200000036221114
6,200000028471792
6,200000036222222
6,200000026739707
6,200000024642801
6,200000009167962
6,200000030494914
6,200000016541661
6,200000025833346
6,200000042160428
6,200000031265059
6,200000042161908
6,200000025835055
6,200000016542696
6,200000030495134
6,200000061203351
6,200000017571831
6,200000032446933
6,200000011282644
6,200000022905103
6,200000011283139
6,200000032447564
6,200000017572236
6,200000061203436
6,400000058594029
6,400000019228426
6,40000003312336
6,400000013142837
6,400000022226048
6,400000013143022
6,400000033123731
6,400000019228891
6,400000058594168
6,400000032136583
6,400000016789674
6,400000026826601
6,40000004273821
6,400000032462257
6,4000000427383945
6,400000026827403
6,400000016790679
6,400000032136919
6,400000009475384
6,400000026111414
6,400000027082876
6,400000037731855
6,400000029410966
6,400000037730987
6,400000027082182
6,400000026111432
6,400000009475512
6,40000003213656
6,40000001678989
6,400000026827324
6,400000042739197
6,400000032462693
6,400000042737637
6,400000026825489
6,400000016788864
6,40000003213635
6,4000000585940375
6,400000019228536
6,4000000331236055
6,400000013143232
6,400000022226224
6,400000013142707
6,400000033122938
6,400000019228141
6,40000005859394
6,600000055927612
6,600000020818552
6,600000033795085
6,6000000150681775
6,600000021446704
6,600000015068021
6,6000000337947
6,600000020818156
6,60000005592747
6,60000003374661
6,6000000170780115
6,600000027808902
6,600000043274614
6,60000003368695
6,600000043274339
6,6000000278081
6,600000017076964
6,600000033746265
6,60000001015048
6,600000027468784
6,600000027463733
6,600000039294372
6,600000030310956
6,6000000392949545
6,600000027464062
6,600000027468676
6,6000000101504135
6,600000033746452
6,600000017077441
6,600000027808129
6,600000043273929
6,60000003368682
6,600000043275075
6,600000027809406
6,600000017078285
6,600000033746641
6,600000055927543
6,60000002081833
6,600000033794698
6,600000015067889
6,60000002144662
6,6000000150683285
6,600000033795241
6,600000020818691
6,600000055927606
6,8000000532655385
6,800000022318194
6,800000034438906
6,800000016997574
6,800000020557314
6,800000016997608
6,8000000344389235
6,800000022318238
6,800000053265519
6,800000035330831
6,800000017391026
6,80000002878578
6,800000043794873
6,800000034962731
6,8000000437946655
6,8000000287856786
6,800000017390995
6,800000035330832
6,800000011216197
6,800000028692339
6,800000027874011
6,800000040861823
6,8000000312037185
6,800000040861191
6,800000027873217
6,8000000286918345
6,800000011216107
6,800000035331009
6,800000017391715
6,800000028786517
6,800000043795163
6,800000034962552
6,800000043794351
6,800000028785379
6,800000017390982
6,80000003533082
6,800000053265607
6,800000022318484
6,800000034439153
6,800000016997722
6,800000020557242
6,8000000169974495
6,800000034438794
6,80000002231822
6,800000053265527
7,000000050646594
7,000000023721386
7,000000035015854
7,000000018878599
7,000000019567584
7,000000018878891
7,000000035016231
7,00000002372177
7,000000050646668
7,0000000368675925
7,000000017741712
7,000000029802621
7,000000044312734
7,000000036288619
7,000000044313532
7,000000029804018
7,000000017742872
7,0000000368679185
7,00000001268081
7,000000029770782
7,000000028322104
7,000000042384003
7,0000000321428395
7,000000042384959
7,0000000283236075
7,000000029772124
7,0000000126812285
7,000000036867373
7,000000017741188
7,000000029802491
7,000000044313302
7,000000036289421
7,0000000443138655
7,000000029803438
7,000000017742129
7,000000036867668
7,000000050646498
7,000000023721175
7,000000035015715
7,000000018878859
7,000000019567922
7,000000018879019
7,000000035015988
7,000000023721451
7,000000050646556
7,200000048016561
7,200000025106406
7,20000003547343
7,200000020737469
7,200000018424085
7,200000020737109
7,200000035472753
7,200000025105802
7,200000048016354
7,20000003835141
7,200000018110572
7,200000030865613
7,200000044827226
7,2000000376697795
7,200000044825975
7,200000030863535
7,200000018108515
7,200000038350783
7,200000014539538
7,200000030707878
7,2000000288000665
7,2000000438726515
7,200000033115835
7,200000043871616
7,200000028798127
7,200000030705954
7,200000014538976
7,200000038351574
7,20000001811103
7,200000030865481
7,200000044826098
7,200000037668409
7,200000044825654
7,200000030864504
7,200000018110075
7,200000038351295
7,200000048016633
7,200000025106628
7,200000035473327
7,200000020737004
7,200000018423511
7,20000002073695
7,200000035473155
7,20000002510643
7,2000000480165545
7,400000045293819
7,400000026581334
7,400000035745486
7,400000022631452
7,400000017063485
7,400000022631785
7,4000000357460465
7,400000026581929
7,400000045293932
7,400000039822987
7,400000018443369
7,400000031993621
7,400000045305445
7,400000039136931
7,400000045306336
7,400000031995449
7,400000018445093
7,400000039823515
7,4000000167423785
7,400000031563686
7,4000000292682415
7,400000045366606
7,400000034097878
7,400000045367313
7,400000029269735
7,4000000315653605
7,4000000167429265
7,4000000398227685
7,400000018442952
7,400000031994099
7,400000045307112
7,400000039138872
7,400000045307238
7,400000031994647
7,400000018443813
7,400000039823055
7,400000045293727
7,400000026581184
7,400000035745619
7,4000000226321525
7,400000017064293
7,400000022632132
7,400000035745722
7,400000026581363
7,400000045293763
7,600000042530545
7,600000028103891
7,6000000358375805
7,600000024553726
7,600000015528122
7,6000000245536565
7,600000035837286
7,600000028103612
7,600000042530413
7,600000041249673
7,600000018766303
7,600000033168922
7,60000004577135
7,600000040678082
7,60000004577098
7,600000033168127
7,600000018765246
7,600000041249339
7,600000019274002
7,600000032331788
7,600000029755097
7,600000046870497
7,6000000350635055
7,600000046870302
7,600000029754343
7,600000032330773
7,600000019273663
7,600000041249871
7,600000018766788
7,600000033168687
7,600000045769814
7,600000040676046
7,600000045769819
7,6000000331683015
7,600000018766249
7,600000041249697
7,600000042530627
7,600000028104099
7,600000035837428
7,60000002455311
7,600000015527299
7,600000024553134
7,600000035837398
7,600000028103994
7,600000042530539
7,800000039617039
7,800000029687226
7,800000035783808
7,800000026526251
7,800000013821706
7,80000002652621
7,800000035783783
7,8000000296873395
7,800000039617034
7,800000042610177
7,80000001910468
7,800000034355191
7,800000046224917
7,800000042253745
7,800000046224693
7,800000034355268
7,800000019104921
7,800000042610277
7,800000022101986
7,800000033024514
7,800000030259676
7,800000048388117
7,80000003603675
7,800000048388114
7,800000030259968
7,800000033025085
7,800000022102225
7,800000042609961
7,800000019104245
7,800000034355358
7,800000046226135
7,800000042255547
7,800000046226198
7,800000034355735
7,8000000191048775
7,800000042610194
7,800000039616952
7,800000029687069
7,800000035783817
7,800000026526765
7,800000013822488
7,800000026526825
7,800000035784038
7,800000029687291
7,800000039617007
8,000000036502119
8,000000031371616
8,000000035585781
8,000000028585802
8,000000011913754
8,000000028585902
8,000000035585785
8,000000031371606
8,000000036502088
8,000000043840815
8,000000019479566
8,000000035538182
8,00000004665869
8,000000043892564
8,000000046658762
8,00000003553804
8,000000019479094
8,00000004384068
8,000000025185717
8,000000033641696
8,000000030793279
8,000000049918192
8,000000036986005
8,000000049917865
8,000000030792407
8,000000033640669
8,000000025185397
8,000000043840942
8,000000019479934
8,000000035538303
8,000000046658206
8,000000043891477
8,000000046657608
8,000000035537088
8,000000019478717
8,00000004384061
8,000000036502193
8,000000031371789
8,000000035585806
8,000000028585603
8,000000011913336
8,000000028585394
8,000000035585396
8,00000003137142
8,000000036502035
8,200000033344807
8,200000033073877
8,200000035323303
8,200000030718039
8,200000009823604
8,200000030718119
8,200000035323402
8,200000033074113
8,200000033344844
8,200000044855845
8,200000019928849
8,200000036664447
8,200000047082641
8,200000045594463
8,200000047082977
8,200000036665243
8,200000019929654
8,200000044856138
8,200000028525338
8,200000034174373
8,200000031396048
8,20000005144716
8,200000037913856
8,200000051448125
8,200000031397812
8,200000034176176
8,200000028525887
8,200000044855832
8,200000019928835
8,200000036664377
8,200000047082684
8,200000045594694
8,200000047083757
8,200000036666237
8,200000019930684
8,200000044856456
8,200000033344798
8,200000033073879
8,200000035323196
8,200000030718073
8,200000009823762
8,200000030718428
8,200000035323843
8,200000033074517
8,200000033344969
8,40000003026338
8,400000034725426
8,400000035045277
8,400000032887014
8,400000007509927
8,4000000328869
8,400000035044838
8,400000034725137
8,400000030263273
8,400000045595357
8,400000020514613
8,400000037728972
8,400000047504072
8,400000047374753
8,400000047503243
8,400000037727576
8,40000002051308
8,40000004559486
8,400000032088014
8,400000034605299
8,400000032061598
8,400000052940682
8,400000038867343
8,40000005293941
8,400000032059253
8,400000034603037
8,40000003208732
8,40000004559521
8,400000020514296
8,400000037729038
8,40000004750467
8,400000047375379
8,400000047503353
8,40000003772684
8,400000020512318
8,400000045594567
8,400000030263332
8,400000034725307
8,400000035045256
8,400000032887272
8,400000007510219
8,400000032886888
8,400000035044588
8,400000034724792
8,400000030263126
8,600000027276595
8,600000036318495
8,60000003478697
8,600000035091822
8,600000005041359
8,6000000350921
8,60000003478737
8,600000036318951
8,600000027276693
8,600000046051061
8,600000021248395
8,6000000386911
8,600000047911925
8,600000049213799
8,600000047912854
8,600000038692757
8,600000021249818
8,600000046051466
8,600000035892208
8,600000034898175
8,600000032824026
8,60000005440196
8,600000039848636
8,600000054403175
8,600000032826069
8,600000034900063
8,600000035892782
8,600000046051269
8,600000021249055
8,600000038691396
8,600000047911225
8,600000049212545
8,600000047912138
8,60000003869287
8,600000021250564
8,600000046051726
8,600000027276709
8,600000036318825
8,600000034787003
8,600000035091497
8,60000000504088
8,600000035091787
8,600000034787424
8,600000036319232
8,60000002727677
8,800000024293679
8,800000037893474
8,800000034551863
8,800000037325828
8,80000000250307
8,800000037325576
8,800000034551353
8,800000037893117
8,80000002429355
8,800000046295832
8,800000022091268
8,80000003957318
8,800000048274622
8,800000051101254
8,800000048273548
8,800000039571767
8,800000022090035
8,800000046295512
8,800000039931716
8,800000035071955
8,800000033699462
8,800000055850939
8,80000004089336
8,800000055850072
8,800000033698142
8,800000035070857
8,80000003993144
8,800000046295555
8,800000022090503
8,800000039572991
8,800000048275594
8,800000051102938
8,800000048275066
8,800000039572264
8,800000022090007
8,800000046295443
8,800000024293537
8,800000037893145
8,800000034551736
8,800000037326214
8,800000002503847
8,80000003732616
8,80000003455158
8,800000037893101
8,80000002429352
9,000000021351708
9,000000039452681
9,000000034273501
9,000000039590054
8,999999999902345
9,000000039590489
9,000000034273858
9,000000039452978
9,000000021351758
9,000000046314149
9,00000002301591
9,000000040403902
9,000000048609747
9,000000053036317
9,000000048610815
9,000000040405272
9,000000023016604
9,000000046314312
9,000000044176927
9,000000035164582
9,00000003464331
9,000000057267469
9,00000004197271
9,00000005726835
9,00000003464416
9,000000035164899
9,000000044176941
9,000000046314392
9,000000023016577
9,000000040404196
9,000000048608918
9,000000053034482
9,000000048609095
9,000000040404096
9,000000023016298
9,000000046314293
9,000000021351783
9,000000039452976
9,000000034273505
9,000000039589692
8,999999999901622
9,000000039589752
9,000000034273423
9,00000003945284
9,000000021351727
9,200000018463857
9,200000041015953
9,200000033930339
9,200000041863492
9,199999997223156
9,20000004186306
9,200000033929792
9,200000041015695
9,20000001846378
9,200000046158507
9,200000023996461
9,200000041224927
9,200000048900257
9,200000055052456
9,200000048898834
9,200000041223499
9,200000023995727
9,200000046158346
9,200000048583558
9,200000035185814
9,200000035682068
9,200000058623882
9,200000043096454
9,200000058622836
9,200000035681214
9,200000035185903
9,200000048583682
9,200000046158376
9,200000023996077
9,200000041225
9,200000048901224
9,20000005505412
9,200000048900812
9,20000004122509
9,200000023996811
9,200000046158635
9,200000018463808
9,20000004101579
9,200000033930266
9,200000041863882
9,199999997223902
9,200000041863895
9,200000033930477
9,20000004101611
9,2000000184639
9,400000015611742
9,400000042565692
9,400000033504838
9,400000044127452
9,399999994492143
9,400000044128005
9,400000033505354
9,400000042566019
9,400000015611743
9,400000045904884
9,400000025001113
9,400000042054211
9,40000004918771
9,400000057103268
9,400000049189085
9,40000004205572
9,400000025001585
9,400000045904948
9,400000053112747
9,400000035153367
9,400000036748622
9,400000059925647
9,40000004426924
9,400000059926873
9,400000036749464
9,400000035153191
9,400000053112608
9,400000045904864
9,400000025001196
9,40000004205413
9,400000049187108
9,400000057101975
9,4000000491875
9,400000042053911
9,400000025000491
9,400000045904614
9,400000015611747
9,400000042565773
9,400000033504746
9,400000044127186
9,399999994491646
9,400000044127278
9,400000033504643
9,400000042565534
9,400000015611582
9,60000001300687
9,600000044038337
9,600000033022031
9,600000046320202
9,599999991801416
9,60000004631993
9,600000033021617
9,600000044038184
9,60000001300677
9,600000045526373
9,600000026019075
9,600000042915045
9,60000004948263
9,600000059161243
9,600000049481595
9,600000042914083
9,600000026018522
9,600000045526247
9,600000057765776
9,600000035065198
9,600000037892405
9,600000061124874
9,60000004550235
9,60000006112427
9,600000037891876
9,600000035065282
9,600000057765874
9,600000045526414
9,600000026019268
9,600000042915262
9,60000004948292
9,600000059161795
9,600000049482754
9,600000042915482
9,600000026019845
9,600000045526679
9,600000013006857
9,600000044038413
9,600000033022065
9,600000046320309
9,599999991801704
9,600000046320378
9,60000003302224
9,600000044038692
9,600000013006936
9,800000010812663
9,800000045413828
9,800000032536246
9,800000048403996
9,79999998919157
9,80000004840403
9,800000032536307
9,80000004541398
9,800000010812722
9,800000045006158
9,800000027044
9,800000043775317
9,800000049795491
9,800000061232716
9,800000049795361
9,800000043775531
9,800000027044215
9,800000045006223
9,800000062535267
9,80000003494515
9,80000003912004
9,800000062220413
9,800000046773508
9,80000006222005
9,800000039119727
9,800000034945146
9,800000062535313
9,800000045006046
9,800000027043804
9,800000043775364
9,800000049795866
9,800000061232925
9,800000049795251
9,800000043774759
9,800000027043533
9,800000045006007
9,800000010812663
9,80000004541375
9,800000032536218
9,800000048404112
9,79999998919172
9,800000048403941
9,800000032536072
9,800000045413638
9,800000010812642
10,000000009091693
10,000000046626926
10,000000032083078
10,000000050359736
9,999999986681871
10,000000050360125
10,000000032083173
10,000000046626857
10,00000000909158
10,000000044318346
10,000000028096125
10,000000044662018
10,000000050124113
10,00000006327422
10,000000050125253
10,000000044662853
10,00000002809571
10,000000044318126
10,000000067415447
10,00000003478551
10,000000040406485
10,00000006321145
10,000000048113906
10,00000006321309
10,000000040407418
10,000000034785174
10,0000000674152
10,000000044318446
10,000000028096302
10,00000004466183
10,00000005012328
10,00000006327302
10,000000050124536
10,000000044662578
10,000000028096057
10,000000044318282
10,000000009091712
10,000000046626997
10,000000032082918
10,00000005035939
9,999999986681413
10,000000050359755
10,00000003208317
10,000000046626948
10,000000009091629
10,200000007898145
10,200000047664094
10,200000031629342
10,200000052193557
10,199999984281245
10,200000052192962
10,200000031628795
10,200000047664227
10,20000000789819
10,200000043478823
10,200000029199845
10,20000004556155
10,200000050469551
10,200000065296043
10,200000050467397
10,200000045560198
10,200000029200174
10,200000043479154
10,200000072303025
10,200000034613701
10,200000041732515
10,20000006414654
10,200000049471383
10,200000064144174
10,200000041731057
10,200000034614582
10,20000007230352
10,20000004347879
10,200000029199893
10,200000045562135
10,200000050470988
10,200000065297855
10,200000050469248
10,200000045561254
10,200000029200796
10,200000043479246
10,200000007898149
10,200000047664126
10,200000031629555
10,200000052194085
10,19999998428211
10,200000052193673
10,200000031629324
10,200000047664437
10,200000007898236
10,40000000718126
10,400000048534007
10,400000031175482
10,400000053911725
10,39999998205296
10,40000005391245
10,400000031175848
10,400000048533936
10,40000000718113
10,400000042533526
10,400000030335772
10,400000046511343
10,400000050805723
10,400000067257452
10,400000050807972
10,40000004651279
10,400000030335102
10,400000042533039
10,400000077129231
10,400000034461238
10,400000043042496
10,40000006506231
10,40000005087168
10,400000065064944
10,400000043043702
10,4000000344599
10,400000077128581
10,400000042533526
10,400000030335736
10,400000046510707
10,400000050804266
10,400000067255238
10,400000050805946
10,40000004651113
10,400000030334375
10,40000004253286
10,400000007181237
10,400000048534014
10,400000031175171
10,400000053911114
10,399999982052138
10,40000005391157
10,40000003117523
10,40000004853361
10,400000007181037
10,600000006739041
10,600000049318796
10,600000030703459
10,600000055506197
10,599999980083092
10,600000055505653
10,60000003070298
10,600000049319046
10,600000006739123
10,600000041585684
10,600000031466335
10,600000047510557
10,600000051140016
10,600000069130578
10,600000051138046
10,600000047509527
10,600000031466966
10,60000004158607
10,600000081793633
10,600000034342449
10,600000044334053
10,600000065949164
10,600000052320166
10,600000065946988
10,600000044333111
10,60000003434376
10,600000081794333
10,600000041585673
10,600000031466536
10,600000047511298
10,600000051141514
10,600000069132397
10,600000051140036
10,60000004751092
10,600000031467877
10,600000041586318
10,60000000673907
10,600000049318913
10,600000030703685
10,60000005550677
10,599999980083979
10,60000005550642
10,60000003070364
10,600000049319371
10,60000000673921
10,800000006401993
10,800000050104408
10,800000030143561
10,800000056984747
10,799999978390385
10,800000056985082
10,800000030143575
10,800000050104247
10,800000006401834
10,80000004068217
10,800000032588335
10,800000048543069
10,800000051510718
10,800000070914852
10,800000051511665
10,800000048543506
10,800000032587477
10,800000040681777
10,800000086225301
10,80000003430006
10,800000045616507
10,800000066773773
10,800000053825428
10,800000066774981
10,800000045616764
10,800000034299039
10,800000086224822
10,800000040682129
10,800000032588207
10,800000048542614
10,80000005150973
10,800000070913459
10,80000005151059
10,800000048542726
10,800000032587398
10,800000040681745
10,800000006401953
10,800000050104352
10,800000030143332
10,800000056984299
10,799999978389927
10,80000005698459
10,800000030143277
10,800000050104115
10,800000006401856
11,000000006173915
11,000000050866044
11,000000029499555
11,00000005835421
10,999999976967654
11,000000058354333
11,000000029499777
11,000000050866403
11,000000006173961
11,000000039803753
11,000000033706081
11,000000049631662
11,000000051928359
11,000000072574537
11,000000051928598
11,000000049632497
11,00000003370674
11,000000039803945
11,000000090466372
11,000000034291398
11,000000046883825
11,000000067530905
11,000000055375487
11,000000067531047
11,000000046884251
11,000000034292116
11,000000090466582
11,000000039803734
11,000000033706176
11,000000049632085
11,000000051929034
11,000000072575014
11,000000051928897
11,000000049632092
11,000000033706408
11,000000039803831
11,000000006173932
11,000000050866127
11,000000029499722
11,000000058354436
10,999999976967967
11,00000005835441
11,000000029499704
11,000000050866188
11,000000006173916
11,20000000603247
11,20000005158137
11,200000028763371
11,200000059597867
11,199999975818885
11,200000059597357
11,20000002876268
11,200000051581108
11,20000000603236
11,200000039027705
11,200000034839631
11,200000050773166
11,200000052369136
11,200000074178774
11,200000052367363
11,200000050771322
11,20000003483844
11,200000039027444
11,20000009453732
11,200000034274842
11,200000048169846
11,200000068214441
11,200000056966639
11,200000068212846
11,200000048168137
11,200000034274181
11,200000094537172
11,200000039027788
11,200000034839771
11,200000050773202
11,20000005236901
11,200000074178732
11,200000052368148
11,200000050772559
11,200000034839821
11,200000039027856
11,200000006032466
11,200000051581428
11,20000002876335
11,200000059597846
11,199999975818999
11,200000059597699
11,200000028763288
11,200000051581561
11,2000000060325
11,400000005905326
11,400000052211661
11,400000027967039
11,400000060722222
11,399999974884468
11,400000060723055
11,400000027967797
11,400000052212201
11,40000000590531
11,400000038393687
11,400000035995548
11,400000051982468
11,400000052812256
11,400000075738115
11,400000052814788
11,400000051985314
11,400000035996712
11,400000038393927
11,400000098460458
11,400000034206794
11,400000049470348
11,400000068824824
11,400000058578499
11,40000006882752
11,400000049472897
11,40000003420771
11,400000098460533
11,400000038393541
11,400000035995202
11,400000051982207
11,400000052812155
11,400000075737612
11,400000052813718
11,40000005198342
11,400000035995262
11,400000038393449
11,400000005905254
11,40000005221149
11,400000027966854
11,400000060722137
11,39999997488439
11,400000060722554
11,400000027967094
11,4000000522115
11,40000000590514
11,600000005795442
11,600000052730126
11,600000027162652
11,600000061736427
11,599999974198496
11,600000061735706
11,600000027161782
11,600000052729884
11,600000005795355
11,600000037884703
11,60000003719169
11,600000053232307
11,600000053265234
11,60000007726644
11,60000005326269
11,60000005322978
11,600000037190435
11,600000037884536
11,600000102208174
11,600000034122353
11,600000050787171
11,600000069364054
11,600000060236617
11,600000069361172
11,600000050784354
11,60000003412144
11,60000010220807
11,600000037884971
11,600000037192563
11,6000000532332
11,600000053265866
11,600000077266898
11,60000005326394
11,600000053231408
11,600000037192185
11,600000037885005
11,600000005795563
11,600000052730545
11,600000027163022
11,600000061736628
11,599999974198852
11,600000061736132
11,600000027162562
11,600000052730547
11,600000005795538
11,800000005722804
11,800000053186773
11,800000026390185
11,800000062603724
11,799999973787594
11,800000062604147
11,800000026390489
11,800000053186938
11,800000005722765
11,800000037474812
11,800000038407358
11,800000054507429
11,800000053728642
11,80000007874079
11,800000053730125
11,800000054508857
11,800000038407578
11,800000037474735
11,800000105758702
11,800000034055536
11,800000052121666
11,800000069828414
11,80000006189533
11,8000000698305
11,80000005212356
11,800000034056112
11,800000105758723
11,800000037474337
11,800000038406079
11,800000054505965
11,800000053727729
11,800000078740123
11,80000005372943
11,8000000545076
11,800000038406559
11,800000037474446
11,800000005722655
11,800000053186242
11,800000026389608
11,800000062603283
11,799999973787454
11,800000062603809
11,800000026390034
11,800000053186459
11,800000005722655
12,000000005507884
12,000000053673109
12,000000025637393
12,000000063375388
11,999999973578296
12,00000006337544
12,000000025637423
12,000000053673444
12,000000005507925
12,000000037198399
12,000000039608224
12,000000055801097
12,00000005419376
12,000000080208938
12,000000054193531
12,00000005580139
12,000000039608738
12,000000037198635
12,000000109089072
12,000000034026533
12,000000053469932
12,00000007028478
12,000000063508052
12,000000070283916
12,000000053469154
12,000000034026549
12,000000109089102
12,00000003719893
12,000000039610093
12,000000055803156
12,000000054195306
12,000000080209551
12,000000054194064
12,000000055801841
12,000000039609441
12,000000037198864
12,00000000550812
12,000000053673867
12,000000025638203
12,000000063375975
11,999999973578639
12,000000063375634
12,000000025637686
12,000000053673686
12,000000005508001
12,200000005002416
12,200000054250632
12,20000002487085
12,200000064083365
12,199999973523852
12,20000006408309
12,200000024870192
12,200000054250243
12,200000005002217
12,200000037129012
12,200000040761882
12,200000057137345
12,200000054641267
12,200000081677421
12,200000054640357
12,200000057136043
12,200000040760534
12,200000037128632
12,200000112107775
12,20000003409093
12,200000054795408
12,200000070723515
12,200000065075317
12,200000070723485
12,200000054795144
12,200000034090651
12,200000112107688
12,200000037128435
12,200000040759999
12,200000057135053
12,200000054639533
12,200000081676505
12,200000054640249
12,200000057135982
12,200000040760724
12,200000037128651
12,200000005002149
12,2000000542498
12,200000024869892
12,200000064082605
12,199999973523532
12,200000064082973
12,200000024870274
12,200000054250243
12,20000000500221
12,400000004281475
12,400000054946071
12,400000024107156
12,40000006475741
12,399999973626588
12,400000064757904
12,400000024107692
12,400000054946593
12,400000004281567
12,40000003728657
12,400000041814758
12,400000058517119
12,400000055059524
12,400000083125933
12,400000055060676
12,400000058518668
12,40000004181565
12,400000037286858
12,400000114733684
12,40000003428889
12,400000056097776
12,400000071161873
12,400000066602036
12,400000071162163
12,400000056098001
12,400000034288952
12,400000114733599
12,400000037287043
12,400000041816499
12,400000058519376
12,400000055061586
12,400000083126942
12,400000055060984
12,400000058518327
12,400000041815455
12,400000037286754
12,40000000428167
12,400000054946792
12,400000024108095
12,400000064758176
12,399999973627168
12,400000064757949
12,400000024107632
12,400000054946426
12,400000004281527
12,600000003302469
12,600000055808376
12,600000023296039
12,600000065436717
12,599999973850986
12,600000065436408
12,60000002329558
12,600000055808135
12,600000003302366
12,600000037719392
12,600000042747624
12,600000059969384
12,60000005546747
12,60000008456456
12,600000055466559
12,600000059968513
12,600000042746977
12,600000037719262
12,600000116913494
12,60000003468628
12,600000057301664
12,600000071636195
12,600000068048212
12,600000071635947
12,60000005730171
12,600000034686788
12,600000116913654
12,600000037719076
12,600000042746554
12,600000059967709
12,600000055465792
12,600000084563312
12,600000055466326
12,600000059968803
12,600000042747636
12,600000037719498
12,600000003302325
12,600000055807849
12,600000023295316
12,600000065435973
12,599999973850574
12,600000065436266
12,600000023295804
12,600000055808367
12,600000003302439
12,800000002032792
12,800000056854392
12,800000022437452
12,800000066123381
12,799999974195925
12,80000006612366
12,800000022437564
12,80000005685453
12,80000000203278
12,800000038438224
12,800000043542253
12,800000061493424
12,800000055854893
12,800000085983667
12,800000055855437
12,800000061493833
12,800000043542028
12,800000038438169
12,800000118581188
12,80000003529863
12,800000058412898
12,800000072180293
12,800000069348979
12,800000072180515
12,800000058412584
12,800000035297877
12,800000118580853
12,80000003843827
12,800000043542616
12,800000061494218
12,800000055856135
12,800000085984667
12,800000055855925
12,800000061493451
12,800000043541532
12,80000003843796
12,800000002032789
12,80000005685453
12,80000002243776
12,80000006612382
12,799999974196481
12,800000066123815
12,800000022437455
12,800000056854227
12,800000002032673
13,000000000724466
13,000000057916534
13,000000021597765
13,000000066795772
12,999999974752013
13,000000066795602
13,00000002159759
13,000000057916704
13,00000000072442
13,000000039310041
13,000000044299798
13,000000063043231
13,000000056237594
13,00000008734568
13,00000005623695
13,000000063042988
13,000000044299972
13,000000039310166
13,000000119890514
13,000000036040545
13,000000059434445
13,000000072801456
13,000000070519254
13,000000072800646
13,000000059434056
13,000000036041039
13,000000119890688
13,000000039310217
13,000000044300547
13,000000063043641
13,000000056237266
13,00000008734486
13,000000056236704
13,000000063043435
13,000000044300847
13,00000003931047
13,000000000724542
13,000000057916822
13,000000021597888
13,000000066795625
12,999999974751766
13,000000066795499
13,00000002159784
13,000000057916997
13,00000000072455
13,199999999521761
13,20000005892846
13,200000020820797
13,200000067467519
13,199999975522127
13,20000006746782
13,2000000208209
13,200000058928456
13,199999999521665
13,200000040180296
13,200000045092093
13,20000006458485
13,200000056636338
13,200000088602417
13,200000056637204
13,200000064585485
13,200000045091729
13,200000040180118
13,200000120919364
13,200000036902669
13,200000060371352
13,200000073500108
13,200000071585142
13,200000073501569
13,200000060372453
13,200000036902717
13,2000001209192
13,200000040179797
13,200000045090713
13,200000064583556
13,200000056636016
13,200000088602634
13,200000056637313
13,200000064584765
13,200000045090881
13,20000004017986
13,19999999952155
13,20000005892787
13,200000020820259
13,200000067467322
13,199999975522342
13,200000067467807
13,200000020820623
13,200000058928069
13,199999999521557
13,399999998529395
13,400000059818847
13,400000020161025
13,400000068160578
13,399999976513243
13,400000068160358
13,40000002016087
13,400000059819137
13,399999998529388
13,400000040973621
13,40000004596953
13,400000066047891
13,400000057057818
13,400000089746904
13,400000057056767
13,400000066047397
13,400000045969744
13,400000040973804
13,40000012172373
13,400000037809745
13,40000006131447
13,400000074254072
13,400000072567959
13,400000074252306
13,400000061313023
13,400000037809674
13,400000121723796
13,400000040974211
13,400000045971584
13,400000066049886
13,400000057058767
13,400000089746888
13,400000057057056
13,400000066048328
13,400000045970978
13,400000040974275
13,399999998529621
13,40000005981971
13,400000020161873
13,400000068160901
13,399999976513374
13,40000006816048
13,400000020161306
13,40000005981962
13,399999998529564
13,59999999791676
13,60000006050748
13,600000019715798
13,600000068824821
13,59999997773399
13,600000068824983
13,600000019715624
13,600000060507254
13,599999997916623
13,60000004162605
13,600000046986741
13,600000067397863
13,600000057530384
13,600000090747862
13,600000057530877
13,600000067397854
13,600000046985894
13,600000041625723
13,60000012234911
13,600000038741602
13,600000062266659
13,600000075050312
13,60000007351726
13,60000007505136
13,600000062267195
13,600000038741214
13,60000012234881
13,600000041625378
13,600000046984656
13,600000067395673
13,600000057529344
13,600000090747557
13,600000057530531
13,600000067396717
13,600000046984702
13,600000041625393
13,599999997916465
13,600000060506554
13,600000019714917
13,60000006882431
13,599999977733974
13,600000068824816
13,600000019715207
13,60000006050676
13,599999997916424
13,799999997619794
13,800000061065019
13,800000019434579
13,800000069426236
13,799999979092403
13,800000069426396
13,800000019434838
13,800000061065527
13,799999997619858
13,800000042158022
13,800000048059937
13,800000068670261
13,800000058073424
13,800000091609986
13,80000005807384
13,800000068671409
13,800000048061163
13,80000004215851
13,800000122749053
13,800000039750271
13,800000063221052
13,800000075860682
13,800000074435163
13,80000007586073
13,800000063221805
13,800000039751566
13,800000122749394
13,800000042158658
13,800000048062053
13,800000068672286
13,800000058074392
13,800000091610029
13,80000005807417
13,800000068672512
13,800000048062559
13,800000042158992
13,799999997620029
13,800000061065823
13,800000019435364
13,800000069426584
13,799999979092476
13,800000069426526
13,80000001943534
13,800000061066024
13,799999997620027
13,999999997662139
14,000000061506519
14,000000019292967
14,000000069937784
13,999999980584738
14,000000069937427
14,000000019292415
14,000000061506164
13,999999997661927
14,000000042576119
14,000000049210355
14,000000069865978
14,000000058729155
14,000000092335341
14,000000058727975
14,000000069864235
14,000000049208785
14,000000042575717
14,000000122969592
14,000000040834106
14,00000006417132
14,000000076663381
14,000000075329963
14,000000076662078
14,000000064169344
14,00000004083254
14,000000122969098
14,000000042575591
14,000000049208847
14,000000069864498
14,00000005872875
14,000000092335434
14,000000058727846
14,00000006986325
14,000000049207689
14,00000004257538
13,999999997661892
14,000000061505837
14,00000001929239
14,000000069937528
13,999999980584914
14,000000069937386
14,000000019291999
14,000000061505657
13,999999997661778
14,19999999792087
14,200000061829948
14,20000001930668
14,200000070355065
14,199999982165489
14,20000007035542
14,200000019307014
14,200000061830188
14,19999999792086
14,200000042929092
14,200000050397037
14,20000007098475
14,200000059487255
14,200000092953347
14,200000059488602
14,200000070986263
14,20000005039767
14,200000042929261
14,200000122944541
14,20000004201136
14,200000065128519
14,200000077449413
14,200000076183485
14,200000077451142
14,200000065130439
14,20000004201241
14,200000122944724
14,200000042929362
14,200000050398057
14,200000070985423
14,20000005948721
14,200000092952742
14,200000059488643
14,200000070987079
14,200000050398803
14,20000004292965
14,19999999792101
14,20000006183034
14,200000019306955
14,200000070354939
14,19999998216534
14,200000070355427
14,200000019307387
14,200000061830657
14,19999999792096
14,39999999827021
14,400000062114245
14,40000001944902
14,400000070716242
14,399999983769193
14,400000070716066
14,400000019448852
14,400000062114533
14,399999998270236
14,400000043328784
14,400000051596574
14,400000072055517
14,400000060307981
14,400000093542191
14,400000060307091
14,400000072055134
14,40000005159694
14,40000004332903
14,40000012265437
14,400000043281482
14,400000066096828
14,400000078264949
14,400000076931503
14,400000078263396
14,400000066095634
14,400000043281652
14,400000122654479
14,400000043328664
14,400000051596539
14,400000072055688
14,400000060308734
14,40000009354289
14,400000060307232
14,400000072054464
14,400000051596152
14,400000043328784
14,39999999827017
14,40000006211419
14,400000019449122
14,400000070716478
14,399999983769602
14,40000007071617
14,400000019448617
14,400000062114117
14,399999998270111
14,59999999867663
14,600000062393379
14,600000019703296
14,600000071007749
14,599999985413374
14,60000007100777
14,600000019702895
14,600000062392976
14,599999998676447
14,60000004377608
14,600000052802065
14,600000073082311
14,600000061167336
14,600000094092438
14,600000061167387
14,600000073081636
14,60000005280047
14,60000004377556
14,600000122106957
14,600000044622002
14,600000067066164
14,600000079108993
14,600000077600331
14,600000079109781
14,600000067066185
14,600000044620993
14,600000122106456
14,600000043775907
14,600000052801565
14,600000073081311
14,600000061166204
14,600000094091538
14,600000061167323
14,600000073082162
14,600000052801176
14,600000043775808
14,599999998676548
14,600000062393136
14,600000019702872
14,600000071007244
14,599999985413067
14,600000071007715
14,600000019703096
14,600000062393246
14,599999998676475
14,799999999142162
14,800000062608955
14,800000020067936
14,800000071218811
14,799999987136543
14,800000071219
14,800000020068346
14,800000062609566
14,799999999142285
14,800000044209778
14,80000005405873
14,800000074046233
14,800000062099949
14,800000094561913
14,800000062100297
14,80000007404753
14,800000054060224
14,800000044210325
14,800000121369571
14,800000045990892
14,800000068076306
14,800000079946729
14,800000078243011
14,800000079946376
14,800000068076711
14,800000045992126
14,800000121369978
14,80000004421008
14,800000054059945
14,800000074047762
14,800000062101319
14,800000094562684
14,800000062100509
14,800000074047299
14,800000054059996
14,800000044210266
14,799999999142264
14,800000062609433
14,80000002006857
14,80000007121934
14,799999987136973
14,800000071219108
14,800000020068262
14,800000062609458
14,79999999914221
14,999999999800302
15,000000062705064
15,000000020541608
15,000000071328403
14,99999998902424
15,000000071328202
15,000000020541268
15,00000006270485
14,999999999800155
15,000000044561276
15,000000055432132
15,000000074938633
15,000000063098845
15,000000094942076
15,000000063098327
15,000000074937812
15,000000055431169
15,000000044561057
15,000000120474365
15,000000047340349
15,000000069142725
15,00000008077011
15,000000078887004
15,000000080769913
15,000000069142295
15,000000047339952
15,000000120474164
15,000000044560883
15,00000005543094
15,000000074937146
15,000000063097701
15,00000009494142
15,000000063097994
15,000000074937555
15,00000005543099
15,000000044561016
14,999999999800105
15,000000062704572
15,000000020540996
15,00000007132787
14,99999998902409
15,000000071328103
15,00000002054114
15,000000062704743
14,999999999800146
15,200000000674885
15,200000062715986
15,200000021128826
15,20000007129371
15,19999999107628
15,200000071293791
15,20000002112877
15,200000062715933
15,200000000674773
15,20000004480803
15,200000056882805
15,200000075779327
15,200000064157384
15,200000095265379
15,200000064157724
15,200000075779439
15,200000056882235
15,200000044807876
15,200000119383601
15,200000048698813
15,200000070273456
15,200000081556881
15,20000007954168
15,200000081557368
15,200000070273544
15,200000048698278
15,200000119383343
15,200000044808315
15,20000005688382
15,200000075780258
15,200000064157955
15,200000095265631
15,200000064158385
15,200000075780462
15,200000056883322
15,200000044808254
15,200000000674986
15,200000062716395
15,200000021129192
15,20000007129389
15,199999991076528
15,20000007129409
15,20000002112917
15,200000062716363
15,200000000674919
15,400000001914961
15,400000062502151
15,400000021879167
15,400000071094702
15,3999999933152
15,40000007109473
15,40000002187943
15,40000006250272
15,400000001915094
15,400000044909435
15,400000058490244
15,400000076544933
15,400000065284061
15,40000009551114
15,40000006528376
15,400000076545636
15,400000058491607
15,400000044910048
15,400000118156978
15,400000050004564
15,400000071450817
15,400000082300474
15,400000080247358
15,40000008229935
15,40000007145047
15,400000050005483
15,400000118157426
15,400000044909316
15,400000058490127
15,400000076544986
15,400000065284425
15,400000095511162
15,40000006528294
15,400000076543883
15,400000058489997
15,400000044909556
15,400000001914886
15,400000062502077
15,400000021879222
15,400000071094828
15,399999993315289
15,400000071094407
15,400000021878677
15,400000062502071
15,40000000191484
15,600000003665588
15,600000061944268
15,600000022849214
15,600000070701858
15,599999995755095
15,600000070701757
15,600000022848677
15,600000061943547
15,600000003665322
15,600000044807295
15,600000060286234
15,600000077230014
15,600000066499355
15,600000095645859
15,600000066499561
15,600000077229149
15,600000060284232
15,600000044806569
15,600000116812053
15,600000051243963
15,600000072672424
15,60000008298812
15,600000081035587
15,600000082989753
15,60000007267322
15,600000051243205
15,600000116811659
15,60000004480711
15,600000060285756
15,60000007722892
15,600000066498172
15,600000095645301
15,60000006650057
15,600000077231321
15,600000060286455
15,600000044807299
15,60000000366551
15,600000061944003
15,600000022848763
15,600000070701308
15,599999995754962
15,600000070702185
15,600000022849583
15,600000061944456
15,600000003665587
15,800000005836207
15,8000000611272
15,800000024013237
15,800000070111416
15,799999998322548
15,800000070111524
15,80000002401373
15,800000061127962
15,800000005836411
15,800000044523282
15,800000062234616
15,800000077836911
15,800000067804568
15,800000095687468
15,800000067804406
15,800000077837991
15,800000062236338
15,800000044523987
15,800000115358081
15,80000005245781
15,800000073929107
15,800000083631659
15,80000008191036
15,800000083629653
15,800000073927693
15,800000052458053
15,800000115358378
15,800000044523529
15,800000062235855
15,80000007783875
15,800000067806494
15,80000009568829
15,800000067803685
15,800000077835792
15,800000062234265
15,800000044523367
15,80000000583632
15,800000061127673
15,800000024013977
15,800000070112107
15,799999998322994
15,800000070111246
15,800000024012833
15,800000061127124
15,800000005836157
16,00000000816873
16,000000060221158
16,000000025267948
16,000000069374913
16,000000000981466
16,00000006937472
16,00000002526748
16,000000060220618
16,000000008168495
16,000000044126956
16,000000064299016
16,00000007838485
16,00000006919241
16,000000095666984
16,000000069192346
16,00000007838408
16,000000064297478
16,000000044126395
16,000000113779908
16,00000005364709
16,000000075238265
16,000000084222712
16,000000082865107
16,000000084224126
16,000000075239363
16,00000005364712
16,00000011377981
16,00000004412662
16,000000064297858
16,000000078382786
16,000000069190335
16,00000009566562
16,0000000691926
16,000000078385554
16,000000064299098
16,000000044126914
16,000000008168584
16,0000000602206
16,000000025267145
16,000000069373964
16,00000000098106
16,000000069374853
16,000000025268037
16,000000060221353
16,000000008168676
16,200000010516945
16,20000005931191
16,200000026592186
16,200000068536614
16,200000003711093
16,200000068536813
16,200000026592438
16,200000059312302
16,20000001051705
16,20000004368435
16,200000066386977
16,200000078875973
16,200000070640478
16,20000009558411
16,20000007064075
16,2000000788768
16,2000000663877
16,200000043684735
16,200000112139264
16,200000054834536
16,200000076642382
16,200000084732444
16,200000083889293
16,20000008473197
16,200000076642073
16,2000000548346
16,200000112139367
16,200000043684614
16,200000066387965
16,200000078877572
16,20000007064238
16,200000095585576
16,200000070641437
16,200000078876375
16,20000006638708
16,20000004368444
16,20000001051704
16,200000059312277
16,200000026592843
16,200000068537427
16,200000003711782
16,200000068537115
16,200000026592303
16,20000005931202
16,20000001051692
16,40000001287205
16,400000058350688
16,40000002797053
16,400000067613185
16,40000000650887
16,400000067613075
16,40000002797031
16,400000058350678
16,400000012872013
16,40000004325143
16,40000006851947
16,400000079347894
16,400000072159834
16,400000095434528
16,400000072159248
16,400000079347524
16,40000006851926
16,400000043251474
16,400000110474632
16,40000005601018
16,400000078083693
16,400000085180995
16,400000084998588
16,40000008518023
16,400000078083206
16,400000056010075
16,400000110474732
16,40000004325132
16,400000068519184
16,400000079347006
16,4000000721585
16,400000095432816
16,400000072157937
16,400000079346693
16,40000006851906
16,40000004325149
16,400000012871953
16,400000058350546
16,40000002797016
16,4000000676126
16,400000006508343
16,400000067612535
16,40000002797003
16,400000058350624
16,40000001287198
16,600000015237235
16,60000005733888
16,600000029405283
16,60000006660839
16,600000009351437
16,600000066608484
16,600000029405223
16,600000057338733
16,60000001523715
16,600000042817772
16,60000007066995
16,600000079806758
16,600000073727415
16,600000095239007
16,600000073727976
16,600000079806996
16,600000070669324
16,60000004281755
16,600000108677783
16,600000057246284
16,600000079540248
16,6000000855968
16,600000086123135
16,600000085598015
16,600000079541122
16,60000005724629
16,600000108677687
16,60000004281769
16,600000070669875
16,600000079806918
16,600000073728392
16,600000095240542
16,600000073729806
16,600000079808474
16,60000007067044
16,600000042817808
16,60000001523716
16,600000057338878
16,600000029405443
16,600000066608754
16,60000000935215
16,600000066609294
16,60000002940585
16,600000057339127
16,60000001523722
16,80000001764144
16,800000056266057
16,80000003089376
16,800000065534174
16,800000012160627
16,800000065534167
16,800000030893898
16,800000056266445
16,80000001764146
16,800000042428984
16,800000072808405
16,80000008026799
16,800000075326466
16,800000095062956
16,800000075325713
16,800000080268173
16,80000007280914
16,80000004242944
16,800000106721438
16,800000058583308
16,800000080993104
16,800000086023633
16,80000008722237
16,800000086022102
16,80000008099195
16,800000058583397
16,80000010672171
16,800000042429048
16,800000072808835
16,800000080268042
16,80000007532575
16,800000095061446
16,800000075323997
16,800000080266358
16,800000072808057
16,800000042429215
16,800000017641484
16,800000056266125
16,800000030893795
16,800000065533897
16,80000001216008
16,800000065533364
16,80000003089314
16,80000005626598
16,800000017641356
17,000000020062288
17,000000055188647
17,000000032400102
17,000000064420302
17,00000001492244
17,000000064420387
17,000000032400013
17,00000005518847
17,00000002006229
17,000000042096147
17,000000074911284
17,000000080755907
17,000000076939514
17,00000009489154
17,000000076940033
17,000000080756152
17,000000074910663
17,000000042095873
17,000000104596175
17,000000060020405
17,000000082435903
17,000000086453582
17,000000088289976
17,00000008645481
17,000000082436923
17,00000006002028
17,000000104596005
17,000000042096044
17,00000007491124
17,00000008075605
17,000000076940253
17,000000094892712
17,000000076941713
17,00000008075736
17,00000007491146
17,000000042096133
17,000000020062227
17,000000055188583
17,000000032400163
17,000000064420593
17,000000014923053
17,00000006442096
17,000000032400504
17,000000055188835
17,00000002006227
17,200000022451096
17,20000005409689
17,20000003389519
17,200000063249167
17,200000017628845
17,20000006324879
17,20000003389504
17,200000054096975
17,200000022450997
17,200000041752716
17,200000076976007
17,200000081297315
17,2000000785728
17,20000009474106
17,20000007857191
17,20000008129675
17,200000076975556
17,200000041752748
17,200000102360242
17,20000006157932
17,20000008385246
17,20000008687258
17,200000089328597
17,200000086871775
17,200000083851705
17,200000061579107
17,200000102360214
17,200000041752734
17,200000076975794
17,200000081296796
17,2000000785719
17,20000009474011
17,200000078571268
17,20000008129624
17,20000007697555
17,20000004175272
17,200000022451064
17,200000054096808
17,20000003389506
17,200000063248783
17,20000001762853
17,200000063248623
17,200000033894845
17,200000054096893
17,200000022450965
17,400000024727078
17,400000053010718
17,40000003533112
17,400000062036945
17,40000002024356
17,400000062037098
17,400000035331505
17,400000053011034
17,400000024727152
17,400000041430854
17,40000007899907
17,400000081919345
17,400000080198705
17,400000094665643
17,4000000801994
17,400000081920393
17,400000078999952
17,4000000414311
17,400000100052377
17,400000063221295
17,400000085246887
17,400000087284955
17,400000090301383
17,400000087285225
17,400000085247466
17,400000063221913
17,400000100052612
17,40000004143096
17,400000078999582
17,40000008191999
17,400000080199394
17,400000094665877
17,400000080199284
17,40000008191997
17,400000078999582
17,400000041431003
17,40000002472711
17,400000053010853
17,400000035331427
17,400000062037122
17,400000020243827
17,40000006203705
17,40000003533126
17,400000053010988
17,40000002472711
17,600000026719453
17,600000052048284
17,600000036683735
17,600000060836916
17,600000022784712
17,60000006083683
17,600000036683422
17,600000052047882
17,600000026719307
17,600000041199205
17,600000080936663
17,600000082633024
17,600000081804463
17,600000094635142
17,60000008180438
17,600000082632445
17,600000080935462
17,600000041198875
17,600000097602898
17,60000006499241
17,600000086592118
17,60000008775048
17,600000091208027
17,600000087750754
17,60000008659184
17,600000064991505
17,600000097602546
17,60000004119911
17,600000080936418
17,600000082632796
17,600000081804524
17,600000094635462
17,6000000818051
17,600000082633088
17,600000080936052
17,600000041199095
17,600000026719396
17,60000005204807
17,600000036683657
17,600000060836827
17,600000022785043
17,600000060837118
17,600000036683692
17,60000005204817
17,60000002671937
17,800000028384368
17,800000051255655
17,800000037950245
17,800000059656583
17,800000025271455
17,8000000596564
17,800000037950223
17,800000051255974
17,800000028384417
17,800000041071044
17,80000008276603
17,800000083425303
17,800000083360114
17,800000094660465
17,800000083359404
17,800000083425154
17,800000082766545
17,800000041071385
17,800000094938568
17,80000006692494
17,80000008789433
17,800000088281912
17,800000092041
17,800000088280996
17,800000087894052
17,800000066925616
17,800000094938927
17,80000004107095
17,800000082765823
17,800000083424642
17,800000083359237
17,80000009465918
17,80000008335838
17,800000083424393
17,80000008276628
17,800000041071304
17,80000002838435
17,800000051255548
17,800000037950063
17,800000059656142
17,800000025271082
17,800000059656035
17,800000037949868
17,800000051255864
17,800000028384382
18,000000029725
18,00000005060043
18,00000003914427
18,000000058474043
18,000000027727896
18,00000005847449
18,000000039144624
18,00000005060059
18,000000029725125
18,000000041072024
18,000000084468073
18,000000084339064
18,00000008486115
18,00000009472399
18,00000008486264
18,00000008434035
18,000000084468322
18,000000041072067
18,00000009209268
18,000000068997938
18,00000008913749
18,000000088856858
18,000000092834178
18,00000008885813
18,000000089138265
18,00000006899753
18,000000092092442
18,000000041072255
18,00000008446909
18,00000008434061
18,00000008486312
18,0000000947256
18,00000008486373
18,000000084340527
18,000000084468244
18,000000041071967
18,000000029725168
18,00000005060077
18,000000039144936
18,00000005847481
18,000000027728703
18,000000058474992
18,00000003914468
18,000000050600523
18,000000029724976
18,200000030813868
18,200000050031495
18,20000004031187
18,20000005724353
18,20000003019205
18,200000057242793
18,200000040310993
18,200000050031143
18,200000030813722
18,2000000411416
18,200000086090622
18,20000008536754
18,20000008633179
18,200000094819583
18,20000008632999
18,20000008536563
18,200000086089528
18,20000004114134
18,200000089104464
18,20000007117902
18,200000090311075
18,20000008947036
18,200000093623103
18,200000089469285
18,20000009031036
18,200000071179055
18,200000089104577
18,200000041141195
18,200000086089105
18,200000085365133
18,20000008632924
18,20000009481756
18,200000086329265
18,20000008536592
18,20000008609027
18,200000041141674
18,200000030813655
18,200000050030877
18,200000040310908
18,200000057242406
18,20000003019133
18,200000057242477
18,200000040311068
18,200000050031473
18,20000003081383
18,40000003164581
18,40000004955414
18,400000041457332
18,400000056001627
18,40000003261339
18,40000005600221
18,400000041458114
18,400000049554723
18,40000003164589
18,400000041275405
18,400000087630488
18,400000086492156
18,400000087744303
18,400000094969055
18,400000087745806
18,400000086494266
18,400000087631838
18,400000041275778
18,400000085905308
18,40000007351703
18,400000091420917
18,400000090134704
18,400000094348773
18,400000090135215
18,400000091421447
18,400000073517095
18,400000085905393
18,400000041275817
18,40000008763225
18,400000086494646
18,40000008774695
18,40000009497067
18,400000087746264
18,400000086493534
18,40000008763099
18,4000000412756
18,400000031646034
18,400000049554794
18,40000004145846
18,400000056002654
18,400000032614187
18,400000056002433
18,400000041457787
18,40000004955439
18,400000031645728
18,600000032007664
18,600000049262928
18,600000042560442
18,60000005484666
18,60000003490986
18,600000054846365
18,600000042559856
18,60000004926246
18,60000003200746
18,600000041619044
18,600000089048418
18,600000087713138
18,600000089091427
18,60000009520574
18,600000089090596
18,6000000877118
18,600000089047047
18,60000004161858
18,600000082350945
18,600000076053504
18,600000092447388
18,600000090872182
18,60000009498646
18,600000090872392
18,60000009244743
18,600000076053313
18,600000082350896
18,600000041618507
18,600000089046915
18,60000008771107
18,600000089089583
18,600000095204685
18,600000089090603
18,600000087712573
18,60000008904789
18,600000041618856
18,600000032007507
18,600000049262373
18,6000000425596
18,6000000548459
18,600000034909467
18,600000054846305
18,600000042560165
18,600000049262857
18,600000032007593
18,800000031883215
18,80000004909421
18,800000043597706
18,800000053807
18,800000037092403
18,800000053807114
18,800000043597926
18,800000049094553
18,800000031883396
18,80000004223244
18,800000090342945
18,800000089012073
18,8000000903785
18,80000009547891
18,80000009037842
18,800000089012823
18,80000009034402
18,80000004223292
18,8000000784317
18,800000078777504
18,800000093392946
18,8000000916966
18,800000095560744
18,800000091696056
18,800000093392732
18,80000007877803
18,800000078431967
18,800000042232654
18,800000090343943
18,80000008901322
18,800000090379335
18,80000009547906
18,800000090378028
18,800000089012205
18,80000009034359
18,800000042232707
18,800000031883428
18,800000049094503
18,80000004359822
18,800000053807402
18,800000037092495
18,800000053806947
18,800000043597713
18,800000049094457
18,80000003188333
19,00000003141156
19,00000004898264
19,000000044610932
19,00000005284861
19,000000039206647
19,000000052848787
19,000000044610893
19,000000048982365
19,00000003141158
19,00000004306407
19,000000091562875
19,00000009038231
19,00000009164074
19,00000009577636
19,000000091641276
19,000000090382464
19,000000091562136
19,000000043063828
19,000000074226094
19,00000008165608
19,000000094250932
19,00000009256891
19,000000096077798
19,00000009256979
19,000000094251256
19,000000081655468
19,000000074225838
19,000000043063878
19,000000091562573
19,000000090382205
19,000000091641084
19,00000009577693
19,000000091641834
19,000000090382603
19,000000091562097
19,000000043063757
19,000000031411584
19,000000048982468
19,000000044610946
19,0000000528487
19,000000039206988
19,000000052848975
19,00000004461094
19,000000048982326
19,000000031411542
19,200000030586935
19,20000004888778
19,200000045588087
19,200000051986613
19,200000041267028
19,2000000519863
19,200000045587856
19,200000048887773
19,200000030586924
19,200000044019763
19,200000092799634
19,200000091774417
19,20000009289347
19,200000096089536
19,200000092892477
19,20000009177361
19,20000009279954
19,200000044019884
19,20000006975048
19,200000084638674
19,200000095044064
19,20000009351561
19,200000096540897
19,200000093514692
19,200000095043688
19,20000008463928
19,20000006975077
19,20000004401969
19,200000092799453
19,20000009177364
19,200000092892342
19,200000096088413
19,200000092891973
19,200000091773887
19,200000092800273
19,200000044019973
19,200000030586914
19,200000048887674
19,2000000455878
19,20000005198613
19,20000004126655
19,200000051986123
19,20000004558791
19,200000048888064
19,20000003058699
19,400000029419342
19,400000048824886
19,400000046522415
19,400000051180747
19,400000043240023
19,400000051181223
19,400000046522855
19,400000048825106
19,40000002941932
19,40000004507424
19,4000000940518
19,400000093186257
19,40000009412332
19,400000096464268
19,400000094124582
19,400000093187476
19,400000094052174
19,400000045074428
19,40000006497409
19,40000008772486
19,40000009581348
19,40000009450765
19,40000009691405
19,400000094508577
19,40000009581402
19,400000087724592
19,400000064973874
19,400000045074243
19,400000094052288
19,400000093187284
19,40000009412484
19,400000096465497
19,400000094124998
19,40000009318693
19,400000094051457
19,40000004507405
19,400000029419335
19,400000048825014
19,40000004652298
19,400000051181348
19,400000043240578
19,40000005118142
19,40000004652266
19,400000048824683
19,4000000294192
19,60000002797526
19,600000048820856
19,600000047391635
19,600000050394215
19,600000045150484
19,600000050393746
19,600000047391138
19,600000048820508
19,60000002797516
19,600000046244844
19,60000009528206
19,60000009465353
19,600000095355178
19,600000096860352
19,600000095354144
19,600000094652263
19,600000095281338
19,60000004624479
19,60000005986798
19,600000090955962
19,60000009651532
19,60000009553146
19,60000009724276
19,600000095530746
19,600000096514588
19,60000009095584
19,600000059868037
19,600000046244748
19,60000009528174
19,60000009465265
19,600000095353884
19,600000096859223
19,600000095353813
19,600000094652884
19,600000095282134
19,60000004624503
19,600000027975202
19,60000004882059
19,60000004739129
19,600000050393646
19,60000004515
19,600000050393604
19,600000047391422
19,600000048820803
19,600000027975252
19,800000026320383
19,800000048839284
19,80000004816291
19,80000004963839
19,80000004703905
19,800000049638605
19,800000048163174
19,800000048839422
19,80000002632043
19,800000047511517
19,800000096508732
19,800000096178454
19,800000096558474
19,8000000972734
19,800000096559117
19,800000096179303
19,80000009650924
19,80000004751157
19,80000005446644
19,800000094325416
19,80000009714911
19,80000009662721
19,800000097522734
19,800000096627674
19,800000097149603
19,800000094325572
19,800000054466366
19,80000004751151
19,800000096508988
19,80000009617899
19,800000096559277
19,800000097274015
19,80000009655928
19,800000096178987
19,80000009650879
19,800000047511503
19,80000002632041
19,800000048839358
19,800000048163238
19,8000000496387
19,800000047039234
19,800000049638673
19,800000048163064
19,80000004883934
19,800000026320312
20,000000024437803
20,000000048875563
20,00000004887556
20,0000000488756
20,000000048875556
20,000000048875606
20,000000048875563
20,000000048875556
20,000000024437803
20,000000048875577
20,000000097751133
20,00000009775115
20,000000097751148
20,000000097751155
20,000000097751155
20,000000097751148
20,000000097751148
20,000000048875574
20,000000048875535
20,00000009775112
20,00000009775114
20,000000097751073
20,000000097751098
20,00000009775112
20,000000097751105
20,000000097751137
20,000000048875545
20,000000048875577
20,000000097751133
20,00000009775115
20,000000097751148
20,000000097751155
20,000000097751155
20,000000097751148
20,000000097751148
20,000000048875574
20,000000024437803
20,000000048875563
20,00000004887556
20,0000000488756
20,000000048875556
20,000000048875606
20,000000048875563
20,000000048875556
20,000000024437803
