5,622121499832909E-10
1,1244243016097483E-09
1,1244243018923587E-09
1,1244243020908397E-09
1,1244243020742884E-09
1,1244243020901862E-09
1,1244243018921232E-09
1,1244243016101683E-09
5,622121499834974E-10
1,1244243014244628E-09
2,248848609039654E-09
2,2488486098765044E-09
2,248848610202336E-09
2,2488486102085963E-09
2,2488486101984484E-09
2,2488486098732684E-09
2,2488486090391664E-09
1,1244243014246195E-09
1,1244243018105078E-09
2,2488486096390667E-09
2,248848610482898E-09
2,248848610766276E-09
2,2488486108020157E-09
2,2488486107585697E-09
2,2488486104745287E-09
2,248848609634804E-09
1,1244243018096473E-09
1,124424301425055E-09
2,2488486090414585E-09
2,2488486098777948E-09
2,248848610201831E-09
2,2488486102063964E-09
2,2488486101957345E-09
2,2488486098710475E-09
2,248848609037884E-09
1,1244243014242953E-09
5,622121499835345E-10
1,1244243016104947E-09
1,124424301892898E-09
1,124424302090626E-09
1,1244243020733837E-09
1,1244243020890573E-09
1,1244243018912129E-09
1,1244243016096416E-09
5,622121499833668E-10
0,200000001228273
0,2000000018488787
0,2000000018671038
0,2000000019288215
0,2000000018984392
0,2000000019287821
0,2000000018671518
0,20000000184900155
0,20000000122831985
0,20000000174927998
0,20000000296565876
0,20000000306757007
0,20000000308450555
0,20000000308095375
0,20000000308409974
0,20000000306732357
0,20000000296575166
0,20000000174934562
0,2000000019233651
0,2000000030587754
0,20000000315755143
0,2000000031674509
0,20000000317313363
0,20000000316649244
0,20000000315655034
0,20000000305831112
0,20000000192327835
0,20000000174936353
0,2000000029659179
0,2000000030677579
0,20000000308444038
0,2000000030806572
0,20000000308374752
0,20000000306705018
0,20000000296559742
0,20000000174930685
0,20000000122830816
0,20000000184898525
0,20000000186718475
0,20000000192879427
0,20000000189831882
0,20000000192863723
0,20000000186703906
0,20000000184893757
0,20000000122830391
0,40000000191469587
0,4000000025664829
0,40000000260817303
0,40000000272047753
0,4000000026798593
0,4000000027204995
0,4000000026080733
0,4000000025662896
0,40000000191462826
0,40000000236986644
0,4000000036803879
0,40000000389128665
0,4000000039212
0,40000000390516305
0,4000000039217029
0,4000000038915732
0,40000000368026
0,4000000023697837
0,4000000027291975
0,4000000038672432
0,4000000040577278
0,40000000408697345
0,4000000040972325
0,40000000408824277
0,4000000040590696
0,40000000386794354
0,40000000272934416
0,40000000236976696
0,4000000036801008
0,40000000389111295
0,40000000392134955
0,4000000039055332
0,4000000039220816
0,4000000038918398
0,4000000036804176
0,40000000236982236
0,40000000191465684
0,4000000025663623
0,4000000026081048
0,40000000272053804
0,40000000268001834
0,40000000272065706
0,4000000026081862
0,40000000256635626
0,40000000191464463
0,6000000026089233
0,6000000032674476
0,600000003345827
0,6000000035067306
0,6000000034726891
0,6000000035067745
0,6000000033459828
0,6000000032676209
0,6000000026089815
0,60000000299242
0,6000000043995202
0,6000000047177526
0,6000000047637386
0,6000000047294201
0,6000000047634856
0,6000000047176034
0,6000000043995264
0,6000000029924358
0,6000000035382554
0,6000000046748023
0,6000000049657254
0,6000000050030894
0,600000005025544
0,6000000050022822
0,6000000049646628
0,6000000046739973
0,6000000035380283
0,6000000029924525
0,6000000043995829
0,6000000047176588
0,6000000047634789
0,6000000047291644
0,6000000047633929
0,6000000047175779
0,6000000043994778
0,6000000029924122
0,600000002608938
0,6000000032674745
0,6000000033457964
0,6000000035066171
0,6000000034725931
0,6000000035067383
0,6000000033459746
0,6000000032676026
0,6000000026089689
0,8000000032898109
0,800000003962675
0,8000000040838768
0,8000000042864184
0,8000000042706699
0,8000000042862759
0,800000004083719
0,8000000039626
0,8000000032898036
0,8000000036194994
0,8000000051212488
0,8000000055449678
0,8000000056055122
0,8000000055528385
0,8000000056053851
0,800000005544985
0,8000000051215455
0,8000000036196268
0,8000000043439766
0,8000000054813913
0,8000000058686676
0,8000000059203629
0,8000000059448974
0,8000000059204783
0,8000000058692649
0,8000000054824202
0,8000000043443507
0,8000000036195462
0,8000000051214742
0,8000000055453346
0,8000000056058534
0,8000000055528714
0,8000000056051605
0,8000000055448051
0,80000000512157
0,8000000036196554
0,800000003289837
0,8000000039627675
0,8000000040840392
0,8000000042865555
0,8000000042706921
0,8000000042861859
0,8000000040836464
0,8000000039626095
0,8000000032898187
1,0000000039717631
1,0000000046495803
1,0000000048236692
1,0000000050565723
1,0000000050725728
1,0000000050567452
1,0000000048238271
1,0000000046495563
1,0000000039717407
1,000000004253271
1,0000000058520613
1,0000000063710823
1,0000000064465597
1,0000000063824133
1,0000000064469123
1,000000006371073
1,000000005851464
1,0000000042530135
1,0000000051407785
1,0000000062832648
1,0000000067738963
1,0000000068440966
1,000000006861032
1,0000000068444233
1,000000006773406
1,000000006281914
1,0000000051402436
1,0000000042531958
1,0000000058517826
1,0000000063706571
1,0000000064462864
1,0000000063825143
1,000000006447284
1,0000000063712557
1,0000000058513436
1,0000000042529378
1,0000000039717372
1,000000004649467
1,0000000048235094
1,0000000050564481
1,000000005072624
1,0000000050568987
1,0000000048239042
1,000000004649509
1,000000003971708
1,200000004646016
1,2000000053368491
1,2000000055670632
1,2000000058359692
1,200000005874323
1,2000000058358018
1,2000000055669562
1,2000000053368953
1,2000000046460564
1,2000000048859492
1,200000006579774
1,2000000071979506
1,2000000072799355
1,2000000072091088
1,2000000072795924
1,2000000071979664
1,2000000065803755
1,2000000048862178
1,2000000059278173
1,200000007087654
1,2000000076797261
1,2000000077702633
1,200000007787911
1,2000000077700197
1,2000000076802233
1,2000000070890688
1,200000005928365
1,2000000048859518
1,2000000065798024
1,200000007198042
1,200000007279988
1,2000000072088919
1,2000000072792667
1,200000007197897
1,2000000065806176
1,2000000048863182
1,2000000046460293
1,2000000053368676
1,200000005567115
1,2000000058359792
1,200000005874253
1,200000005835675
1,200000005566931
1,2000000053369997
1,2000000046461015
1,4000000053000377
1,4000000060229585
1,4000000063040585
1,400000006609508
1,4000000066738434
1,4000000066095863
1,400000006304165
1,4000000060229907
1,4000000053000432
1,400000005528523
1,400000007313652
1,4000000080262016
1,4000000081114532
1,400000008041034
1,4000000081115833
1,4000000080262505
1,4000000073134213
1,400000005528415
1,4000000067002119
1,4000000078933899
1,40000000858032
1,400000008700055
1,4000000087019033
1,4000000087000646
1,4000000085798556
1,4000000078924792
1,4000000066998615
1,400000005528641
1,400000007314023
1,4000000080265125
1,4000000081116253
1,4000000080411723
1,400000008111777
1,4000000080262645
1,4000000073132162
1,400000005528319
1,4000000053000923
1,40000000602311
1,4000000063042066
1,40000000660957
1,400000006673917
1,4000000066096698
1,4000000063041795
1,400000006022905
1,4000000052999997
1,6000000059535904
1,6000000067048974
1,600000007058278
1,6000000073719647
1,6000000074785083
1,600000007371991
1,6000000070582316
1,6000000067047917
1,6000000059535668
1,6000000061718183
1,6000000080534214
1,6000000088489126
1,6000000089510151
1,6000000088753947
1,6000000089511421
1,6000000088488013
1,6000000080532097
1,6000000061717548
1,6000000074575957
1,6000000086986688
1,6000000094836597
1,6000000096269649
1,6000000096158387
1,6000000096272071
1,6000000094837246
1,6000000086987622
1,6000000074576386
1,6000000061716226
1,600000008052839
1,6000000088483972
1,600000008950895
1,6000000088754465
1,600000008951105
1,6000000088487047
1,6000000080532075
1,6000000061717579
1,6000000059535164
1,6000000067046536
1,6000000070580847
1,6000000073719043
1,6000000074785439
1,6000000073719831
1,6000000070581972
1,6000000067048055
1,6000000059535713
1,8000000066011164
1,8000000073825302
1,8000000078150176
1,8000000081329268
1,8000000082890175
1,8000000081327552
1,8000000078149319
1,8000000073825542
1,800000006601137
1,800000006823941
1,800000008789157
1,8000000096679916
1,8000000097974622
1,8000000096988154
1,800000009797043
1,8000000096679214
1,8000000087894146
1,8000000068240523
1,8000000082034804
1,8000000095079676
1,8000000103863936
1,800000010548902
1,8000000105344236
1,8000000105487517
1,80000001038663
1,8000000095084527
1,8000000082036427
1,800000006824092
1,8000000087896089
1,800000009668217
1,8000000097972513
1,8000000096984576
1,800000009797068
1,8000000096682696
1,8000000087897523
1,8000000068241333
1,8000000066011885
1,80000000738272
1,8000000078151257
1,800000008132833
1,8000000082888854
1,800000008132763
1,8000000078150897
1,800000007382704
1,800000006601178
2,000000007244582
2,0000000080574334
2,0000000085662637
2,0000000088929966
2,000000009103599
2,000000008893301
2,000000008566606
2,000000008057638
2,000000007244644
2,0000000074826785
2,0000000095267394
2,0000000104896487
2,0000000106406115
2,0000000105212217
2,0000000106412448
2,000000010490204
2,0000000095270316
2,0000000074827575
2,000000008931996
2,0000000103210622
2,000000011295379
2,0000000114690266
2,000000011452892
2,00000001146902
2,0000000112949103
2,0000000103206226
2,0000000089318726
2,0000000074826563
2,0000000095267554
2,0000000104899276
2,0000000106411995
2,0000000105215694
2,0000000106409765
2,000000010489447
2,0000000095263863
2,000000007482562
2,000000007244585
2,0000000080574374
2,0000000085664054
2,0000000088932377
2,0000000091037586
2,000000008893195
2,0000000085663032
2,0000000080573774
2,0000000072445756
2,200000007893532
2,2000000087222493
2,2000000093163847
2,2000000096543997
2,2000000099072845
2,20000000965399
2,200000009315838
2,200000008721746
2,200000007893382
2,2000000081355044
2,200000010267633
2,2000000113101397
2,200000011489131
2,2000000113428118
2,2000000114883522
2,200000011309041
2,2000000102665394
2,2000000081351647
2,200000009669741
2,2000000111306894
2,20000001220847
2,2000000123889425
2,200000012370968
2,200000012389339
2,200000012208816
2,20000001113061
2,2000000096696377
2,2000000081353526
2,2000000102670736
2,200000011309271
2,200000011488373
2,200000011342707
2,2000000114891476
2,200000011310151
2,200000010267343
2,2000000081353517
2,200000007893475
2,2000000087220104
2,2000000093160543
2,200000009654077
2,200000009907256
2,200000009654318
2,2000000093163106
2,2000000087220797
2,2000000078934696
2,4000000085312854
2,4000000093810168
2,4000000100676835
2,400000010416072
2,4000000107106265
2,400000010416451
2,4000000100683296
2,40000000938165
2,400000008531491
2,4000000087827567
2,400000011011032
2,4000000121251395
2,4000000123354988
2,400000012168872
2,400000012336136
2,4000000121264335
2,4000000110125765
2,4000000087832682
2,400000010406125
2,400000011940594
2,400000013126168
2,400000013303937
2,400000013290109
2,4000000133033117
2,400000013125773
2,400000011941153
2,40000001040641
2,400000008783029
2,4000000110120476
2,4000000121263407
2,400000012336225
2,4000000121685425
2,40000001233505
2,4000000121253255
2,4000000110120463
2,4000000087831563
2,4000000085314155
2,400000009381435
2,4000000100682146
2,400000010416365
2,4000000107105293
2,4000000104160004
2,400000010067882
2,4000000093814386
2,4000000085314457
2,6000000091611564
2,6000000100408704
2,6000000108276518
2,6000000111751054
2,600000011521054
2,6000000111748487
2,6000000108271943
2,600000010040356
2,6000000091609867
2,600000009435424
2,6000000117628574
2,600000012938876
2,600000013187504
2,600000012991131
2,600000013187135
2,600000012937963
2,600000011761515
2,6000000094349627
2,6000000111414896
2,6000000127474787
2,600000014048949
2,6000000142224065
2,600000014207504
2,600000014223272
2,6000000140493067
2,6000000127468295
2,600000011141154
2,600000009435067
2,6000000117616393
2,600000012937492
2,6000000131868433
2,6000000129914977
2,6000000131880756
2,600000012938457
2,600000011761425
2,6000000094348454
2,600000009161017
2,6000000100403686
2,600000010827115
2,600000011174836
2,600000011521223
2,6000000111752115
2,600000010827424
2,6000000100403087
2,6000000091609414
2,8000000097868396
2,800000010688586
2,800000011595463
2,800000011924558
2,8000000123196767
2,8000000119246518
2,800000011595658
2,8000000106888305
2,800000009786927
2,8000000100895748
2,8000000125121107
2,8000000137523573
2,8000000140396373
2,8000000138152905
2,800000014039666
2,800000013752647
2,800000012512719
2,8000000100898186
2,800000011868274
2,800000013554659
2,800000014973039
2,800000015129863
2,8000000151347177
2,8000000151292164
2,800000014972521
2,8000000135550596
2,80000001186851
2,800000010089913
2,8000000125132587
2,800000013753553
2,8000000140401955
2,8000000138150365
2,8000000140393038
2,800000013752933
2,8000000125135625
2,8000000100901064
2,8000000097869986
2,800000010689066
2,8000000115959898
2,80000001192478
2,800000012319583
2,8000000119245088
2,800000011595811
2,8000000106891783
2,800000009787066
3,0000000104161972
3,000000011335531
3,000000012375173
3,0000000126748496
3,000000013111756
3,0000000126748283
3,0000000123752195
3,0000000113355694
3,0000000104162146
3,000000010741295
3,0000000132666003
3,0000000145575156
3,0000000148930064
3,000000014646054
3,000000014892957
3,000000014557735
3,0000000132667193
3,0000000107413283
3,0000000125863435
3,0000000143683745
3,000000015898933
3,0000000160472333
3,0000000160433578
3,000000016047544
3,0000000158992552
3,0000000143684464
3,000000012586317
3,0000000107410365
3,000000013265787
3,0000000145566985
3,000000014892681
3,0000000146461745
3,0000000148930432
3,0000000145570493
3,0000000132656774
3,0000000107409224
3,00000001041611
3,0000000113351923
3,0000000123748594
3,0000000126747177
3,0000000131118503
3,0000000126748554
3,00000001237497
3,000000011335135
3,0000000104160573
3,200000011042186
3,2000000119820626
3,2000000131552953
3,2000000134306936
3,2000000139031735
3,200000013430766
3,2000000131552118
3,200000011981886
3,2000000110421394
3,2000000113906717
3,2000000140252287
3,2000000153630763
3,200000015735622
3,2000000154868586
3,2000000157358497
3,2000000153628156
3,2000000140246363
3,2000000113904923
3,200000013307754
3,2000000151767862
3,200000016835005
3,2000000169695513
3,200000016953608
3,2000000169698684
3,200000016834632
3,2000000151762604
3,200000013307606
3,200000011390807
3,200000014025654
3,200000015363349
3,2000000157355086
3,2000000154863546
3,200000015735558
3,2000000153630586
3,200000014025307
3,2000000113907094
3,200000011042255
3,2000000119822403
3,2000000131554605
3,200000013430623
3,2000000139029936
3,2000000134306306
3,2000000131553468
3,2000000119821577
3,200000011042234
3,400000011661968
3,400000012632032
3,4000000139387754
3,400000014185183
3,4000000146788163
3,400000014185033
3,4000000139388273
3,4000000126322503
3,4000000116620614
3,4000000120433853
3,4000000147791654
3,400000016171215
3,4000000165808912
3,4000000163224158
3,400000016580347
3,4000000161714015
3,40000001477986
3,4000000120436606
3,4000000140271998
3,400000015991393
3,4000000177594485
3,4000000178956884
3,4000000178628977
3,4000000178952696
3,4000000177597336
3,400000015992328
3,400000014027528
3,400000012043311
3,40000001477899
3,400000016171207
3,400000016581282
3,400000016323128
3,4000000165812065
3,4000000161718478
3,4000000147799416
3,4000000120436025
3,4000000116619535
3,400000012631968
3,4000000139388065
3,400000014185342
3,4000000146791534
3,4000000141853772
3,4000000139390623
3,400000012632273
3,400000011662056
3,6000000122857228
3,6000000132735974
3,6000000147168465
3,6000000149244085
3,60000001546066
3,600000014924568
3,6000000147168354
3,6000000132734398
3,6000000122856703
3,600000012693038
3,600000015535318
3,60000001698531
3,600000017427776
3,6000000171678996
3,600000017428189
3,600000016985168
3,600000015534667
3,6000000126928198
3,6000000147408646
3,600000016806414
3,600000018691891
3,6000000188206513
3,600000018767869
3,600000018820935
3,600000018691161
3,6000000168053603
3,600000014740517
3,6000000126930867
3,6000000155354974
3,600000016985345
3,6000000174274724
3,600000017167117
3,6000000174271807
3,600000016984241
3,6000000155342557
3,600000012692693
3,600000012285763
3,6000000132736685
3,60000001471691
3,600000014924279
3,6000000154603615
3,600000014924141
3,600000014716492
3,600000013273269
3,600000012285634
3,800000012899706
3,800000013916158
3,800000015485979
3,800000015656368
3,8000000162419627
3,8000000156563276
3,8000000154860145
3,8000000139162244
3,800000012899735
3,80000001334615
3,8000000162888865
3,8000000177970064
3,8000000182820437
3,8000000180017564
3,8000000182818967
3,8000000177972812
3,8000000162891476
3,8000000133462306
3,8000000154436497
3,8000000176277138
3,8000000196196995
3,8000000197505823
3,800000019667385
3,800000019751031
3,800000019620518
3,8000000176284097
3,800000015443813
3,8000000133460357
3,8000000162885414
3,8000000177966
3,8000000182819105
3,8000000180021125
3,800000018282748
3,800000017798006
3,800000016289555
3,8000000133462666
3,800000012899676
3,8000000139160295
3,8000000154858546
3,8000000156563125
3,8000000162421457
3,8000000156566536
3,8000000154863667
3,8000000139163848
3,800000012899767
4,000000013502898
4,000000014576633
4,00000001624277
4,000000016385864
4,00000001702027
4,000000016385866
4,000000016242793
4,000000014576765
4,000000013502964
4,000000013999321
4,000000017042647
4,0000000186142755
4,000000019132051
4,000000018841351
4,000000019131706
4,000000018614096
4,00000001704297
4,000000013999525
4,00000001613759
4,000000018448557
4,000000020554722
4,000000020684279
4,00000002056886
4,000000020683421
4,000000020553753
4,000000018448701
4,000000016137764
4,000000013999432
4,000000017043107
4,000000018614858
4,000000019132506
4,000000018841256
4,000000019131203
4,00000001861357
4,000000017042837
4,000000013999492
4,000000013502954
4,000000014576847
4,000000016243063
4,000000016386072
4,000000017020261
4,00000001638564
4,000000016242608
4,000000014576717
4,00000001350297
4,200000014096257
4,200000015240505
4,200000016990534
4,200000017118863
4,200000017795075
4,200000017118959
4,200000016990507
4,200000015240252
4,200000014096144
4,200000014647159
4,200000017803034
4,200000019436966
4,200000019975452
4,200000019683144
4,200000019975875
4,20000001943699
4,200000017802122
4,200000014646772
4,200000016836069
4,200000019265975
4,200000021483675
4,2000000216302205
4,200000021467446
4,200000021631519
4,200000021484234
4,200000019265108
4,200000016835572
4,200000014647029
4,200000017802618
4,200000019436234
4,200000019974871
4,2000000196831
4,200000019976385
4,2000000194373595
4,2000000178022106
4,200000014646702
4,2000000140961955
4,200000015240348
4,200000016990296
4,200000017118635
4,200000017795073
4,200000017119148
4,200000016990692
4,200000015240276
4,200000014096129
4,400000014659771
4,400000015908003
4,40000001773229
4,400000017851729
4,400000018557286
4,40000001785167
4,400000017732329
4,400000015908265
4,400000014659893
4,400000015305649
4,40000001855582
4,400000020263931
4,4000000208195775
4,400000020524027
4,400000020819063
4,4000000202638985
4,400000018556719
4,400000015306103
4,400000017513343
4,400000020090751
4,400000022405848
4,400000022577433
4,400000022365653
4,400000022576305
4,400000022405168
4,400000020091738
4,400000017513842
4,400000015305728
4,400000018556188
4,400000020264515
4,400000020820155
4,400000020524089
4,400000020818755
4,400000020263554
4,400000018556717
4,400000015306064
4,400000014659814
4,400000015908143
4,400000017732588
4,400000017851966
4,400000018557364
4,400000017851486
4,4000000177322285
4,400000015908278
4,400000014659924
4,600000015198333
4,600000016580785
4,60000001846181
4,600000018585697
4,600000019313114
4,600000018585886
4,600000018461999
4,600000016580748
4,6000000151983
4,600000015976267
4,600000019310203
4,600000021095678
4,600000021663358
4,600000021365737
4,600000021663898
4,600000021096251
4,600000019309958
4,600000015976099
4,600000018179242
4,60000002091883
4,600000023330832
4,600000023523307
4,600000023271015
4,600000023524358
4,600000023331608
4,600000020918505
4,6000000181789735
4,600000015976189
4,600000019309934
4,600000021095114
4,6000000216627415
4,600000021365282
4,600000021663824
4,600000021096095
4,600000019309808
4,600000015975986
4,60000001519831
4,600000016580683
4,600000018461607
4,600000018585484
4,600000019312999
4,600000018585842
4,600000018461978
4,60000001658067
4,600000015198294
4,8000000157261615
4,800000017255232
4,800000019191178
4,800000019321255
4,800000020068387
4,800000019320992
4,800000019190796
4,800000017255042
4,80000001572613
4,800000016646687
4,800000020059714
4,800000021931971
4,800000022496546
4,8000000222138555
4,8000000224956585
4,800000021930783
4,8000000200591035
4,800000016646627
4,800000018847652
4,8000000217422585
4,800000024263651
4,800000024471482
4,800000024187721
4,800000024470763
4,800000024262463
4,800000021741895
4,800000018847671
4,800000016646761
4,800000020059987
4,800000021932302
4,800000022497048
4,800000022214413
4,800000022496366
4,800000021931399
4,80000002005968
4,800000016646747
4,800000015726211
4,800000017255373
4,800000019191382
4,800000019321454
4,800000020068646
4,8000000193212635
4,800000019191106
4,800000017255253
4,800000015726193
5,000000016245084
5,000000017931063
5,00000001991559
5,0000000200564045
5,0000000208116955
5,000000020056808
5,000000019916143
5,000000017931408
5,000000016245167
5,00000001732783
5,00000002080811
5,0000000227662476
5,000000023333085
5,000000023060768
5,00000002333394
5,000000022767727
5,000000020808934
5,000000017328018
5,000000019510498
5,000000022568067
5,000000025197967
5,000000025418873
5,000000025100433
5,0000000254195145
5,000000025198871
5,000000022568575
5,000000019510542
5,000000017327744
5,0000000208079
5,000000022766111
5,000000023333004
5,000000023060502
5,0000000233333735
5,000000022766899
5,000000020808334
5,00000001732776
5,000000016245063
5,000000017931004
5,000000019915567
5,0000000200563965
5,000000020811623
5,000000020056559
5,0000000199158485
5,000000017931154
5,000000016245097
5,2000000167486675
5,200000018610419
5,200000020632198
5,200000020785722
5,200000021546534
5,200000020785412
5,200000020631787
5,20000001861019
5,200000016748652
5,2000000180218136
5,200000021548591
5,200000023611802
5,200000024176826
5,200000023907706
5,20000002417602
5,200000023610809
5,200000021548195
5,200000018021842
5,200000020182484
5,200000023393956
5,2000000261340595
5,200000026363823
5,20000002601935
5,200000026363547
5,200000026133432
5,200000023394024
5,2000000201826175
5,200000018021927
5,200000021548778
5,2000000236116035
5,200000024176194
5,200000023907022
5,200000024175801
5,200000023610989
5,200000021548595
5,200000018021905
5,200000016748728
5,200000018610499
5,200000020632167
5,200000020785468
5,200000021546285
5,200000020785321
5,200000020631892
5,200000018610374
5,2000000167486915
5,400000017248498
5,4000000192878055
5,400000021345818
5,400000021506703
5,400000022291829
5,400000021506987
5,400000021346078
5,400000019287856
5,400000017248511
5,400000018710031
5,400000022291359
5,400000024458031
5,400000025019489
5,400000024745821
5,400000025019883
5,400000024458527
5,400000022291088
5,400000018709853
5,4000000208722385
5,4000000242163555
5,400000027069956
5,400000027305064
5,400000026936057
5,400000027305375
5,400000027069936
5,40000002421571
5,400000020871929
5,400000018709895
5,400000022291099
5,400000024458223
5,4000000250204465
5,4000000247471585
5,400000025021068
5,40000002445907
5,400000022291241
5,400000018709812
5,400000017248472
5,400000019287725
5,40000002134594
5,400000021507134
5,400000022292415
5,400000021507444
5,400000021346331
5,400000019287897
5,400000017248515
5,600000017754794
5,600000019941263
5,600000022064273
5,60000002221518
5,600000023034513
5,600000022215058
5,600000022064089
5,6000000199412705
5,600000017754837
5,600000019382374
5,600000023042806
5,600000025306175
5,600000025876192
5,6000000255895985
5,6000000258758496
5,600000025305928
5,600000023043173
5,600000019382589
5,600000021570137
5,600000025037924
5,600000028006815
5,600000028239639
5,600000027859997
5,600000028239496
5,600000028006721
5,600000025038755
5,600000021570526
5,600000019382459
5,600000023043119
5,600000025306132
5,600000025875429
5,6000000255882485
5,600000025874556
5,600000025305093
5,600000023042936
5,60000001938253
5,60000001775486
5,600000019941408
5,600000022064313
5,600000022214903
5,60000002303399
5,600000022214539
5,600000022063779
5,600000019941146
5,600000017754803
5,80000001825932
5,8000000205887146
5,800000022773314
5,800000022917174
5,8000000237777325
5,800000022917379
5,800000022773635
5,800000020588884
5,800000018259341
5,800000020065509
5,800000023794335
5,800000026153371
5,800000026733898
5,800000026431935
5,8000000267341925
5,8000000261539695
5,800000023794438
5,8000000200654975
5,800000022261837
5,800000025866683
5,800000028943837
5,800000029175869
5,800000028776794
5,8000000291761875
5,800000028944013
5,8000000258663595
5,800000022261606
5,800000020065468
5,800000023794177
5,800000026153161
5,800000026733955
5,800000026432355
5,80000002673482
5,800000026154384
5,800000023794583
5,800000020065476
5,80000001825929
5,80000002058867
5,800000022773286
5,80000002291721
5,80000002377796
5,800000022917628
5,800000022773852
5,800000020588964
5,800000018259334
6,000000018761821
6,000000021239663
6,000000023478475
6,0000000236243825
6,00000002451426
6,000000023624209
6,00000002347807
6,000000021239346
6,000000018761734
6,000000020748312
6,000000024538917
6,000000027007544
6,0000000275851875
6,000000027279
6,000000027584737
6,000000027006678
6,000000024538288
6,000000020748215
6,000000022941288
6,000000026708489
6,0000000298750304
6,000000030115955
6,0000000297035
6,000000030115932
6,000000029874475
6,000000026708443
6,00000002294136
6,0000000207482485
6,00000002453883
6,000000027007735
6,0000000275856396
6,000000027279499
6,000000027585038
6,000000027006737
6,000000024538379
6,000000020748173
6,000000018761777
6,000000021239661
6,0000000234785915
6,000000023624631
6,000000024514502
6,000000023624336
6,000000023478149
6,000000021239376
6,000000018761735
6,200000019253364
6,200000021891295
6,20000002418337
6,200000024330386
6,200000025234869
6,200000024330559
6,200000024183743
6,200000021891577
6,200000019253448
6,20000002142413
6,200000025283904
6,200000027863818
6,200000028436173
6,20000002813377
6,200000028436297
6,200000027864582
6,2000000252844645
6,2000000214242945
6,200000023619966
6,200000027559859
6,2000000308021885
6,20000003105913
6,200000030631265
6,200000031059011
6,200000030802267
6,200000027559901
6,200000023619889
6,200000021424272
6,200000025284271
6,200000027863702
6,200000028435308
6,200000028132662
6,200000028435533
6,200000027864282
6,200000025284568
6,200000021424271
6,200000019253433
6,200000021891457
6,2000000241833595
6,200000024330088
6,200000025234429
6,200000024330266
6,200000024183673
6,200000021891624
6,200000019253453
6,400000019725107
6,400000022540425
6,400000024883413
6,400000025033004
6,400000025959857
6,400000025033075
6,400000024883323
6,400000022540406
6,400000019725115
6,400000022097042
6,400000026042446
6,400000028716103
6,400000029282856
6,400000028994841
6,400000029282971
6,400000028716117
6,400000026042574
6,400000022097196
6,40000002428902
6,400000028402413
6,400000031736628
6,400000032001018
6,40000003155479
6,400000032001538
6,400000031736838
6,400000028403018
6,400000024289303
6,400000022096912
6,40000002604213
6,400000028716255
6,400000029283685
6,400000028995956
6,4000000292837385
6,400000028716151
6,400000026042284
6,400000022097005
6,400000019725033
6,400000022540316
6,400000024883524
6,400000025033406
6,400000025960337
6,400000025033387
6,400000024883382
6,400000022540284
6,400000019725068
6,60000002018589
6,600000023177057
6,600000025586716
6,600000025736463
6,600000026684372
6,60000002573644
6,600000025586604
6,600000023176778
6,600000020185806
6,600000022765203
6,600000026808399
6,600000029570598
6,600000030133148
6,6000000298521915
6,60000003013287
6,600000029570081
6,6000000268073284
6,600000022764834
6,600000024964715
6,600000029247916
6,6000000326725985
6,600000032942504
6,6000000324933135
6,600000032942325
6,60000003267186
6,600000029246617
6,600000024964214
6,60000002276527
6,600000026808562
6,600000029570355
6,600000030132387
6,600000029851333
6,60000003013243
6,6000000295702534
6,6000000268078605
6,600000022764947
6,600000020185931
6,600000023177146
6,600000025586649
6,600000025736211
6,600000026684032
6,60000002573628
6,600000025586719
6,600000023177003
6,600000020185871
6,800000020636557
6,800000023812353
6,800000026280345
6,800000026435119
6,8000000274033505
6,8000000264351845
6,800000026280499
6,800000023812782
6,800000020636788
6,800000023427469
6,800000027574326
6,800000030428168
6,800000030979698
6,800000030714571
6,800000030979477
6,800000030428658
6,8000000275758055
6,800000023428121
6,800000025633556
6,800000030094712
6,800000033613252
6,800000033877464
6,800000033439475
6,80000003387714
6,800000033613442
6,800000030096425
6,800000025634282
6,800000023427444
6,80000002757431
6,800000030428287
6,800000030979985
6,800000030714825
6,800000030979476
6,8000000304284
6,800000027575511
6,800000023427966
6,8000000206365785
6,800000023812373
6,80000002628043
6,800000026435291
6,800000027403476
6,800000026435174
6,800000026280429
6,800000023812686
6,800000020636708
7,000000021086289
7,000000024434804
7,000000026970741
7,000000027135676
7,000000028111918
7,000000027135886
7,000000026970735
7,000000024434427
7,0000000210861435
7,000000024089043
7,000000028341461
7,000000031289521
7,000000031826442
7,000000031574592
7,000000031827131
7,000000031289673
7,000000028340186
7,000000024088507
7,000000026316312
7,000000030943748
7,000000034553222
7,000000034818835
7,000000034380098
7,000000034820106
7,00000003455347
7,000000030942107
7,000000026315555
7,000000024089115
7,000000028341734
7,00000003128976
7,000000031826692
7,000000031575023
7,000000031827573
7,00000003128983
7,0000000283401915
7,000000024088406
7,000000021086339
7,000000024434936
7,000000026970861
7,000000027135811
7,0000000281121135
7,000000027136064
7,000000026970831
7,00000002443443
7,000000021086104
7,2000000215439135
7,200000025041586
7,200000027666749
7,200000027839381
7,200000028816313
7,2000000278392395
7,200000027666642
7,200000025041785
7,200000021543999
7,2000000247576645
7,2000000291044755
7,200000032156614
7,2000000326714
7,200000032436707
7,200000032670376
7,200000032156023
7,200000029105178
7,200000024758072
7,200000027002938
7,200000031785908
7,200000035505564
7,200000035760006
7,200000035333419
7,200000035758721
7,200000035504755
7,200000031787107
7,200000027003586
7,200000024757492
7,200000029103994
7,200000032156045
7,200000032670665
7,200000032435864
7,200000032669841
7,200000032156109
7,200000029105666
7,200000024758188
7,200000021543843
7,200000025041396
7,200000027666554
7,200000027839137
7,200000028815982
7,200000027839002
7,200000027666688
7,200000025041978
7,200000021544079
7,400000022017589
7,400000025634724
7,4000000283670335
7,400000028529469
7,400000029511799
7,400000028529618
7,400000028367182
7,400000025634704
7,4000000220175846
7,400000025421572
7,400000029867873
7,4000000330206275
7,400000033518982
7,400000033300139
7,400000033519432
7,400000033021247
7,400000029867777
7,400000025421457
7,400000027679126
7,400000032636557
7,400000036458776
7,400000036692245
7,4000000362915
7,400000036692983
7,400000036459164
7,400000032635815
7,400000027678753
7,4000000254217735
7,400000029868588
7,400000033021263
7,400000033519508
7,400000033300646
7,4000000335196585
7,40000003302079
7,400000029867047
7,4000000254211145
7,400000022017693
7,400000025635042
7,400000028367333
7,400000028529724
7,400000029512038
7,40000002852973
7,4000000283670415
7,400000025634422
7,400000022017455
7,6000000225091835
7,600000026210025
7,600000029076409
7,600000029199373
7,600000030205012
7,600000029199525
7,600000029076396
7,60000002620994
7,600000022509175
7,60000002606157
7,600000030639085
7,6000000338859355
7,600000034375307
7,600000034169808
7,60000003437553
7,600000033885737
7,600000030638788
7,600000026061527
7,600000028357146
7,60000003348806
7,6000000374168675
7,600000037619063
7,600000037257009
7,600000037619499
7,600000037416878
7,600000033488338
7,600000028357324
7,600000026061282
7,600000030638302
7,600000033885323
7,6000000343750935
7,600000034169843
7,6000000343758805
7,600000033886478
7,600000030639616
7,600000026061729
7,6000000225090725
7,600000026209745
7,600000029076216
7,600000029199344
7,600000030205057
7,600000029199677
7,600000029076706
7,600000026210297
7,600000022509306
7,800000023003666
7,800000026781054
7,800000029771942
7,800000029856971
7,800000030900949
7,800000029856809
7,800000029772004
7,800000026781217
7,80000002300375
7,8000000267084495
7,800000031408959
7,800000034753132
7,800000035241935
7,800000035033598
7,800000035241139
7,800000034753091
7,800000031409345
7,8000000267086245
7,800000029047571
7,800000034331033
7,800000038378931
7,800000038549278
7,8000000382184576
7,800000038548252
7,800000038378274
7,800000034330901
7,800000029047579
7,800000026708774
7,8000000314099704
7,800000034753773
7,800000035241833
7,8000000350330545
7,800000035240515
7,800000034752387
7,800000031408883
7,800000026708407
7,800000023003835
7,800000026781502
7,80000002977227
7,800000029856974
7,8000000309007245
7,800000029856527
7,800000029771732
7,800000026781013
7,8000000230036886
8,000000023484917
8,000000027359675
8,000000030453759
8,000000030514013
8,000000031598622
8,000000030514212
8,00000003045382
8,000000027359633
8,000000023484926
8,000000027346669
8,000000032174704
8,000000035627744
8,000000036104465
8,000000035890944
8,000000036104915
8,000000035627778
8,000000032174555
8,000000027346617
8,000000029736023
8,000000035184815
8,000000039343856
8,000000039476255
8,000000039186556
8,00000003947719
8,000000039344263
8,000000035185062
8,00000002973613
8,000000027346228
8,00000003217367
8,00000003562683
8,000000036104314
8,000000035891416
8,000000036105453
8,000000035627963
8,000000032174604
8,000000027346521
8,000000023484828
8,00000002735922
8,000000030453437
8,000000030514004
8,000000031598812
8,000000030514446
8,000000030453903
8,000000027359622
8,000000023484915
8,200000023957704
8,200000027931772
8,200000031132596
8,200000031168013
8,200000032282974
8,200000031168134
8,200000031132701
8,200000027931704
8,200000023957706
8,200000027981508
8,200000032941345
8,20000003650526
8,200000036972533
8,20000003675407
8,200000036972556
8,200000036505486
8,200000032941082
8,200000027981362
8,200000030426995
8,20000003604379
8,20000004030592
8,200000040412705
8,200000040153581
8,200000040412656
8,200000040305836
8,200000036043182
8,200000030426736
8,2000000279818
8,200000032942373
8,200000036506083
8,200000036972668
8,200000036753718
8,200000036972327
8,200000036505596
8,200000032941508
8,200000027981433
8,200000023957859
8,200000027932203
8,200000031133005
8,200000031168152
8,2000000322829
8,200000031168024
8,200000031132761
8,200000027931866
8,200000023957749
8,40000002440942
8,40000002850211
8,400000031810995
8,400000031822842
8,400000032957745
8,400000031822744
8,400000031810889
8,400000028502255
8,400000024409524
8,400000028618317
8,400000033712569
8,400000037388759
8,400000037835357
8,400000037611623
8,40000003783476
8,400000037388374
8,400000033713102
8,400000028618638
8,400000031110498
8,40000003690122
8,400000041265846
8,40000004134811
8,40000004113495
8,400000041347647
8,400000041265534
8,400000036902037
8,400000031110983
8,400000028618162
8,400000033712116
8,400000037388416
8,400000037835358
8,400000037611976
8,400000037835177
8,400000037388388
8,400000033712974
8,400000028618534
8,400000024409314
8,400000028501923
8,400000031810858
8,40000003182285
8,400000032957966
8,400000031822868
8,400000031810965
8,40000002850221
8,400000024409485
8,600000024827535
8,600000029081638
8,600000032475515
8,600000032478803
8,600000033629637
8,600000032479002
8,60000003247568
8,600000029081583
8,600000024827455
8,600000029253003
8,60000003448818
8,600000038268803
8,600000038702031
8,600000038470032
8,600000038702321
8,600000038269188
8,600000034487707
8,6000000292528
8,60000003177871
8,600000037770132
8,600000042229224
8,600000042286863
8,600000042117415
8,600000042287352
8,60000004222947
8,600000037769377
8,600000031778398
8,600000029253035
8,600000034488152
8,600000038268616
8,600000038701525
8,600000038469416
8,60000003870183
8,600000038268714
8,60000003448752
8,600000029252666
8,600000024827532
8,600000029081631
8,600000032475457
8,600000032478706
8,600000033629367
8,600000032478752
8,6000000324755
8,600000029081473
8,600000024827477
8,800000025237761
8,800000029661048
8,800000033131157
8,80000003313155
8,80000003430354
8,800000033131587
8,800000033131145
8,800000029661108
8,800000025237829
8,800000029883723
8,80000003525796
8,800000039152156
8,800000039567484
8,800000039331787
8,800000039567552
8,800000039151998
8,800000035258135
8,800000029883927
8,800000032440497
8,800000038646406
8,800000043203465
8,800000043223033
8,80000004310288
8,80000004322332
8,800000043203465
8,800000038646765
8,800000032440707
8,800000029883822
8,800000035258314
8,800000039152538
8,800000039567745
8,800000039331987
8,80000003956795
8,800000039152582
8,800000035258721
8,800000029883956
8,800000025237802
8,800000029661224
8,800000033131374
8,800000033131687
8,800000034303613
8,800000033131735
8,800000033131427
8,800000029661339
8,800000025237901
9,000000025650284
9,000000030247445
9,000000033784286
9,0000000337823
9,000000034964831
9,000000033782158
9,000000033784282
9,00000003024745
9,000000025650293
9,000000030505841
9,000000036030588
9,00000004003341
9,000000040436447
9,000000040194944
9,000000040435644
9,000000040033147
9,000000036030539
9,000000030505882
9,00000003310389
9,000000039521018
9,000000044183729
9,00000004416148
9,000000044084443
9,00000004416074
9,0000000441834
9,000000039520947
9,000000033103891
9,00000003050574
9,000000036030295
9,000000040033125
9,000000040436442
9,000000040195289
9,000000040436003
9,000000040033118
9,000000036030418
9,000000030505687
9,000000025650246
9,00000003024736
9,000000033784195
9,000000033782342
9,000000034964978
9,000000033782275
9,000000033784282
9,000000030247383
9,000000025650275
9,2000000260521
9,200000030828798
9,200000034440915
9,200000034434156
9,200000035620231
9,200000034434488
9,200000034441198
9,200000030828965
9,20000002605215
9,200000031124459
9,200000036810902
9,20000004091363
9,200000041301642
9,20000004106681
9,20000004130247
9,200000040914274
9,200000036811234
9,200000031124594
9,20000003375898
9,200000040395505
9,200000045168743
9,200000045107267
9,200000045061735
9,200000045108053
9,200000045168819
9,200000040395407
9,20000003375901
9,200000031124546
9,200000036811405
9,200000040913974
9,200000041301312
9,200000041065989
9,200000041301625
9,20000004091354
9,200000036810861
9,20000003112436
9,200000026052184
9,200000030829074
9,200000034441112
9,200000034434048
9,200000035619905
9,200000034434114
9,200000034440938
9,200000030828832
9,200000026052155
9,40000002644186
9,400000031399053
9,400000035090917
9,400000035090189
9,400000036266773
9,400000035090006
9,400000035090635
9,400000031398742
9,400000026441752
9,400000031736804
9,400000037597977
9,400000041794897
9,400000042165587
9,400000041933765
9,400000042164965
9,400000041794318
9,400000037597176
9,400000031736568
9,400000034404664
9,400000041274218
9,400000046150023
9,40000004606574
9,400000046034874
9,400000046065475
9,400000046150295
9,400000041274243
9,400000034404675
9,400000031736562
9,400000037597195
9,400000041794327
9,40000004216543
9,400000041934215
9,400000042165773
9,400000041795321
9,400000037598124
9,400000031736754
9,400000026441745
9,400000031398788
9,40000003509066
9,400000035090175
9,400000036266974
9,400000035090272
9,400000035091116
9,400000031399115
9,40000002644188
9,600000026808484
9,600000031977885
9,60000003572651
9,600000035750629
9,600000036901825
9,600000035750755
9,600000035726737
9,600000031978254
9,600000026808635
9,600000032347538
9,60000003838442
9,600000042683737
9,600000043023798
9,60000004280635
9,60000004302389
9,600000042684053
9,60000003838529
9,600000032347928
9,600000035037441
9,60000004216181
9,600000047126981
9,600000047036017
9,600000047006834
9,600000047035774
9,600000047126356
9,600000042161858
9,600000035037628
9,600000032347756
9,600000038385287
9,600000042684542
9,60000004302407
9,600000042806284
9,600000043023604
9,600000042683385
9,600000038384524
9,600000032347587
9,600000026808601
9,600000031978274
9,600000035726849
9,600000035750746
9,600000036901823
9,60000003575059
9,600000035726502
9,600000031977926
9,600000026808543
9,800000027153
9,800000032566372
9,800000036345315
9,800000036403837
9,800000037528628
9,800000036403906
9,800000036345345
9,80000003256614
9,800000027152873
9,80000003296214
9,800000039167028
9,800000043581699
9,800000043891588
9,800000043672933
9,800000043891718
9,80000004358185
9,800000039166477
9,800000032961892
9,800000035658265
9,800000043065904
9,800000048091368
9,800000048015955
9,80000004797255
9,800000048016324
9,800000048091952
9,800000043065781
9,800000035658144
9,800000032961982
9,800000039166584
9,800000043581422
9,8000000438915
9,800000043672858
9,800000043891796
9,800000043582026
9,800000039166958
9,800000032961933
9,800000027152942
9,800000032566226
9,800000036345264
9,800000036403832
9,800000037528644
9,800000036403892
9,80000003634547
9,800000032566327
9,800000027152967
10,00000002749926
10,00000003314559
10,000000036957065
10,000000037042332
10,000000038145146
10,000000037042335
10,00000003695696
10,0000000331456
10,00000002749933
10,000000033572228
10,00000003995431
10,000000044479428
10,000000044766859
10,000000044544295
10,000000044766526
10,000000044478949
10,000000039954339
10,000000033572384
10,00000003627356
10,00000004397015
10,000000049064338
10,000000048986582
10,000000048942098
10,000000048986628
10,000000049063889
10,00000004397002
10,000000036273654
10,000000033572203
10,0000000399543
10,000000044479075
10,000000044766189
10,000000044543974
10,000000044766685
10,000000044479107
10,00000003995442
10,00000003357227
10,000000027499294
10,000000033145584
10,000000036956967
10,000000037042177
10,000000038145044
10,00000003704236
10,000000036957085
10,000000033145641
10,000000027499329
10,200000027834605
10,20000003371841
10,200000037569426
10,20000003767675
10,200000038746099
10,200000037676778
10,20000003756969
10,200000033718599
10,200000027834701
10,200000034177936
10,200000040754501
10,200000045373962
10,200000045643048
10,200000045422914
10,200000045642932
10,200000045374516
10,200000040755027
10,200000034178078
10,200000036870323
10,200000044875365
10,200000050045823
10,200000049961568
10,200000049915914
10,200000049961076
10,200000050045972
10,2000000448756
10,200000036870422
10,200000034177988
10,200000040754974
10,200000045374647
10,20000004564364
10,200000045423112
10,200000045642776
10,20000004537398
10,200000040754654
10,200000034177842
10,200000027834742
10,200000033718617
10,200000037569742
10,200000037677052
10,200000038746248
10,200000037676697
10,200000037569495
10,200000033718448
10,20000002783464
10,400000028140893
10,400000034294411
10,400000038175085
10,40000003830678
10,400000039323448
10,400000038306981
10,400000038175019
10,400000034294296
10,400000028140854
10,400000034786558
10,400000041554897
10,400000046271364
10,400000046519692
10,400000046308575
10,400000046520082
10,400000046270968
10,400000041554243
10,40000003478646
10,400000037464878
10,40000004578692
10,400000051023484
10,40000005094679
10,400000050879209
10,40000005094773
10,400000051023452
10,400000045786305
10,400000037464746
10,400000034786512
10,400000041554684
10,400000046271067
10,400000046519473
10,400000046308788
10,400000046520812
10,400000046271769
10,40000004155494
10,400000034786515
10,400000028140887
10,40000003429434
10,400000038175044
10,400000038306768
10,400000039323592
10,400000038307201
10,400000038175401
10,400000034294512
10,40000002814091
10,600000028443308
10,600000034855672
10,600000038773231
10,600000038928087
10,600000039887624
10,60000003892799
10,600000038773324
10,600000034855894
10,600000028443418
10,600000035381129
10,600000042367899
10,600000047172076
10,600000047398224
10,600000047205391
10,600000047397668
10,600000047172331
10,600000042368665
10,600000035381415
10,600000038066227
10,600000046692047
10,600000052003026
10,600000051935849
10,60000005184256
10,600000051934996
10,600000052003098
10,6000000466927
10,600000038066515
10,600000035381157
10,600000042368071
10,60000004717205
10,600000047397781
10,600000047204661
10,60000004739677
10,600000047171509
10,6000000423681
10,60000003538116
10,600000028443318
10,600000034855736
10,600000038773203
10,600000038927995
10,60000003988738
10,600000038927554
10,600000038772954
10,600000034855666
10,600000028443333
10,800000028747288
10,800000035402507
10,800000039365191
10,800000039534577
10,800000040436398
10,800000039534757
10,800000039365152
10,800000035402329
10,8000000287473
10,800000035975337
10,800000043187907
10,800000048078013
10,800000048282245
10,80000004810227
10,80000004828255
10,800000048077559
10,800000043187303
10,800000035975168
10,800000038671095
10,800000047601605
10,800000052981218
10,800000052929002
10,80000005280751
10,8000000529295
10,80000005298074
10,800000047600692
10,800000038670957
10,800000035975195
10,800000043187787
10,800000048077921
10,800000048282337
10,80000004810265
10,800000048283207
10,800000048078068
10,80000004318759
10,800000035975167
10,800000028747256
10,800000035402485
10,800000039365166
10,800000039534638
10,800000040436672
10,800000039534911
10,800000039365358
10,800000035402487
10,800000028747275
11,00000002903163
11,000000035950109
11,000000039951283
11,000000040131438
11,000000040986805
11,000000040131585
11,00000003995149
11,00000003595023
11,000000029031654
11,000000036575397
11,000000043999222
11,00000004898775
11,000000049167326
11,000000049004262
11,000000049167543
11,000000048988495
11,000000043999796
11,00000003657556
11,000000039269175
11,000000048519789
11,000000053963438
11,000000053919603
11,000000053773565
11,000000053919884
11,000000053964449
11,00000004852057
11,000000039269421
11,00000003657543
11,000000043999544
11,000000048988213
11,000000049167717
11,00000004900442
11,000000049167655
11,000000048988635
11,00000004400004
11,000000036575527
11,000000029031666
11,000000035950313
11,00000003995145
11,000000040131658
11,000000040986967
11,000000040131555
11,000000039951507
11,00000003595033
11,000000029031684
11,200000029289455
11,200000036502509
11,200000040522124
11,200000040711654
11,200000041527051
11,200000040711512
11,20000004052199
11,200000036502539
11,2000000292895
11,2000000371766
11,20000004481323
11,200000049906143
11,200000050066055
11,200000049909956
11,200000050065318
11,200000049905237
11,200000044813095
11,200000037176729
11,200000039848073
11,200000049449185
11,200000054951772
11,200000054906408
11,200000054740293
11,200000054905436
11,200000054950253
11,200000049448526
11,200000039848126
11,200000037176576
11,200000044813194
11,200000049905912
11,200000050065436
11,200000049909356
11,200000050064975
11,200000049904956
11,200000044812839
11,200000037176547
11,200000029289484
11,20000003650253
11,200000040521976
11,20000004071143
11,200000041526875
11,20000004071131
11,200000040521847
11,200000036502383
11,200000029289479
11,40000002954023
11,400000037053664
11,400000041087791
11,400000041280457
11,400000042052588
11,400000041280695
11,400000041087896
11,400000037053447
11,400000029540166
11,400000037768176
11,400000045635737
11,400000050825234
11,400000050962632
11,4000000508178
11,400000050963339
11,400000050825843
11,400000045635306
11,400000037767892
11,400000040423253
11,400000050377226
11,400000055937996
11,40000005589213
11,40000005571567
11,400000055893317
11,40000005593942
11,400000050377349
11,400000040423219
11,40000003776792
11,400000045635268
11,400000050824955
11,400000050962717
11,400000050818068
11,400000050963728
11,400000050826126
11,40000004563556
11,400000037767892
11,400000029540221
11,400000037053507
11,400000041087662
11,400000041280551
11,400000042052776
11,400000041280807
11,400000041088042
11,400000037053552
11,400000029540193
11,60000002980019
11,600000037585234
11,600000041640566
11,600000041844105
11,60000004256923
11,600000041844158
11,600000041640651
11,60000003758558
11,600000029800375
11,60000003834131
11,600000046471287
11,600000051751728
11,600000051870452
11,600000051721036
11,600000051870161
11,600000051751818
11,600000046472246
11,600000038341715
11,600000041013127
11,600000051300778
11,600000056920988
11,600000056880733
11,600000056704667
11,600000056879862
11,6000000569201
11,600000051301
11,600000041013438
11,600000038341557
11,600000046472275
11,600000051752598
11,600000051870651
11,60000005172077
11,600000051869914
11,600000051751591
11,600000046472186
11,600000038341602
11,600000029800315
11,600000037585641
11,60000004164087
11,600000041844226
11,600000042569189
11,60000004184399
11,60000004164062
11,600000037585565
11,600000029800336
11,800000030050455
11,800000038123294
11,80000004217557
11,800000042399873
11,800000043097196
11,800000042399812
11,800000042175302
11,800000038122883
11,80000003005037
11,80000003889952
11,800000047313793
11,800000052686066
11,80000005278099
11,800000052615259
11,800000052780701
11,80000005268558
11,800000047312903
11,800000038899185
11,800000041597663
11,800000052235228
11,800000057901725
11,800000057871864
11,800000057707448
11,800000057872145
11,800000057902107
11,800000052234807
11,800000041597535
11,800000038899242
11,800000047313004
11,800000052685371
11,800000052780852
11,800000052615703
11,800000052781423
11,80000005268612
11,80000004731325
11,800000038899185
11,800000030050363
11,800000038122961
11,80000004217526
11,800000042399917
11,80000004309747
11,800000042400026
11,800000042175554
11,800000038123027
11,800000030050363
12,000000030271975
12,000000038666462
12,000000042705185
12,00000004293347
12,00000004362055
12,000000042933685
12,000000042705436
12,000000038666721
12,000000030272096
12,000000039441492
12,000000048156075
12,000000053624332
12,000000053698178
12,000000053509924
12,000000053698535
12,000000053624712
12,000000048156746
12,000000039441758
12,000000042180336
12,000000053176262
12,000000058880286
12,000000058861492
12,000000058709388
12,000000058861527
12,000000058879847
12,000000053176102
12,000000042180432
12,000000039441659
12,000000048156743
12,00000005362475
12,000000053697878
12,000000053509234
12,000000053697757
12,000000053624023
12,000000048156325
12,000000039441547
12,000000030272068
12,000000038666728
12,000000042705336
12,000000042933387
12,00000004362027
12,000000042933275
12,000000042705151
12,000000038666565
12,000000030272046
12,200000030457401
12,200000039217395
12,20000004323292
12,200000043453606
12,200000044137708
12,200000043453636
12,200000043232906
12,200000039217292
12,200000030457296
12,200000039990156
12,200000049000932
12,20000005456185
12,20000005461791
12,200000054417618
12,200000054617755
12,200000054561892
12,20000004900081
12,200000039990053
12,200000042742875
12,200000054124317
12,200000059874798
12,200000059851604
12,200000059705951
12,200000059851753
12,2000000598755
12,200000054124732
12,200000042742989
12,200000039989963
12,20000004900048
12,200000054561503
12,200000054617679
12,200000054417648
12,200000054618059
12,20000005456232
12,200000049001236
12,200000039990062
12,200000030457321
12,200000039217153
12,200000043232738
12,2000000434536
12,200000044137791
12,200000043453626
12,200000043233066
12,20000003921742
12,200000030457353
12,400000030622955
12,400000039763414
12,400000043753305
12,40000004396452
12,400000044648309
12,400000043964605
12,400000043753291
12,400000039763588
12,400000030623017
12,400000040530196
12,400000049853006
12,40000005549972
12,40000005554017
12,400000055327997
12,400000055540021
12,400000055499493
12,400000049853372
12,400000040530397
12,40000004328405
12,40000005508837
12,40000006086759
12,400000060845054
12,400000060707995
12,400000060844677
12,400000060866681
12,400000055087956
12,40000004328409
12,40000004053036
12,40000004985374
12,400000055500628
12,400000055540984
12,400000055328816
12,400000055540785
12,400000055499708
12,400000049853151
12,400000040530207
12,400000030622998
12,400000039763773
12,400000043753591
12,400000043964937
12,400000044648746
12,400000043964841
12,400000043753414
12,400000039763523
12,40000003062293
12,600000030794806
12,600000040292073
12,600000044269636
12,600000044463165
12,600000045155056
12,600000044463348
12,600000044269567
12,600000040291713
12,600000030794718
12,600000041050633
12,600000050724955
12,600000056439637
12,60000005646794
12,600000056240305
12,600000056468133
12,60000005643962
12,60000005072412
12,600000041050226
12,600000043821764
12,600000056052288
12,600000061860584
12,600000061836836
12,600000061718237
12,600000061837179
12,60000006186104
12,600000056051954
12,600000043821623
12,600000041050418
12,600000050724377
12,600000056438997
12,60000005646689
12,600000056238965
12,60000005646712
12,600000056439406
12,600000050724624
12,60000004105037
12,600000030794783
12,600000040291885
12,60000004426934
12,600000044462831
12,60000004515456
12,600000044462794
12,60000004426955
12,600000040291933
12,60000003079479
12,800000030969015
12,800000040803905
12,800000044772798
12,800000044945715
12,800000045654095
12,800000044945808
12,800000044773084
12,80000004080439
12,80000003096921
12,800000041544905
12,800000051615562
12,800000057375632
12,800000057400311
12,800000057157058
12,800000057400243
12,800000057376186
12,800000051617031
12,800000041545527
12,80000004435014
12,800000057016454
12,80000006286764
12,800000062828365
12,800000062734785
12,800000062828353
12,800000062867811
12,80000005701732
12,800000044350636
12,800000041544983
12,800000051615706
12,800000057375621
12,800000057400352
12,800000057157527
12,800000057400636
12,800000057375664
12,80000005161608
12,800000041545077
12,800000030969061
12,800000040803996
12,800000044772778
12,800000044945739
12,800000045654347
12,800000044945865
12,800000044772894
12,800000040804095
12,80000003096904
13,000000031141914
13,00000004130031
13,000000045264898
13,000000045414259
13,000000046149655
13,000000045414286
13,000000045264638
13,000000041299865
13,000000031141672
13,000000042022243
13,000000052515967
13,00000005831747
13,00000005834003
13,000000058066087
13,000000058339948
13,000000058316825
13,000000052514618
13,00000004202168
13,000000044874097
13,000000057996731
13,000000063869523
13,000000063827052
13,000000063748011
13,000000063826866
13,0000000638691
13,000000057995537
13,000000044873659
13,000000042022336
13,000000052516516
13,00000005831841
13,000000058340708
13,0000000580664
13,000000058340456
13,000000058317974
13,00000005251598
13,000000042022064
13,000000031141962
13,000000041300616
13,000000045265185
13,00000004541463
13,000000046149868
13,000000045414406
13,000000045265102
13,000000041300478
13,000000031141887
13,20000003131417
13,200000041790256
13,20000004575222
13,200000045862895
13,200000046644204
13,20000004586296
13,200000045752398
13,200000041790537
13,20000003131435
13,200000042489576
13,200000053421647
13,200000059265532
13,20000005928318
13,200000058981166
13,200000059283092
13,20000005926574
13,20000005342255
13,200000042489995
13,200000045375505
13,200000058989765
13,20000006487719
13,200000064833695
13,20000006476203
13,20000006483363
13,200000064877168
13,200000058990238
13,20000004537587
13,200000042489428
13,20000005342112
13,200000059264678
13,200000059282269
13,200000058980624
13,200000059282711
13,20000005926493
13,200000053421562
13,200000042489581
13,200000031314122
13,200000041790064
13,200000045751825
13,200000045862582
13,200000046644076
13,200000045862742
13,20000004575204
13,200000041790178
13,2000000313142
13,400000031480957
13,400000042259974
13,400000046230609
13,400000046299642
13,400000047114304
13,40000004629977
13,400000046230746
13,400000042259927
13,400000031480959
13,400000042945328
13,400000054341756
13,400000060216724
13,40000006023489
13,400000059893404
13,400000060235259
13,400000060217266
13,400000054341753
13,400000042945232
13,400000045863795
13,400000059992472
13,400000065879452
13,400000065843248
13,40000006577621
13,40000006584366
13,400000065880228
13,400000059992568
13,400000045863774
13,400000042945383
13,400000054342062
13,400000060217243
13,400000060234992
13,40000005989308
13,400000060234934
13,400000060217282
13,400000054342033
13,400000042945285
13,400000031481
13,400000042260157
13,400000046230732
13,400000046299672
13,400000047114233
13,400000046299528
13,400000046230762
13,40000004226012
13,400000031480982
13,600000031620647
13,600000042724009
13,600000046698057
13,600000046733756
13,60000004757542
13,600000046733673
13,600000046697835
13,600000042723938
13,6000000316207
13,600000043391535
13,600000055275224
13,60000006117765
13,600000061180673
13,600000060819621
13,600000061180133
13,600000061176779
13,600000055275034
13,600000043391523
13,600000046338204
13,600000060993137
13,60000006689037
13,600000066853786
13,600000066788665
13,600000066853298
13,600000066889363
13,600000060992521
13,600000046338181
13,600000043391521
13,600000055275215
13,600000061177694
13,600000061180893
13,60000006082037
13,600000061181127
13,600000061177447
13,600000055275164
13,600000043391516
13,600000031620587
13,600000042724036
13,600000046698025
13,600000046733856
13,600000047575792
13,600000046733998
13,600000046698149
13,600000042724075
13,600000031620663
13,800000031729894
13,80000004318322
13,800000047151194
13,80000004715966
13,800000048028812
13,800000047159763
13,8000000471513
13,800000043183108
13,800000031729928
13,800000043825683
13,800000056220398
13,800000062143997
13,800000062132604
13,800000061750406
13,800000062132815
13,800000062144369
13,800000056220357
13,80000004382564
13,800000046793029
13,800000062004466
13,800000067904836
13,800000067861042
13,800000067809734
13,800000067861228
13,800000067905414
13,800000062004408
13,80000004679302
13,800000043825726
13,800000056220629
13,800000062144228
13,80000006213236
13,80000006174972
13,80000006213215
13,800000062144052
13,800000056220433
13,800000043825637
13,800000031729878
13,800000043183317
13,800000047151228
13,800000047159577
13,800000048028574
13,800000047159378
13,800000047151249
13,800000043183188
13,800000031729894
14,0000000318182
14,000000043627912
14,000000047583832
14,000000047573483
14,000000048468388
14,00000004757359
14,000000047584027
14,000000043628248
14,000000031818356
14,000000044251268
14,000000057179085
14,000000063118799
14,000000063090486
14,000000062689702
14,000000063090607
14,000000063119233
14,000000057180197
14,000000044251685
14,000000047223336
14,00000006302269
14,000000068927292
14,0000000688513
14,000000068842747
14,000000068851579
14,000000068927703
14,000000063023435
14,00000004722371
14,000000044251188
14,000000057178923
14,00000006311855
14,000000063090313
14,000000062689901
14,000000063090882
14,00000006311902
14,000000057179564
14,000000044251392
14,000000031818182
14,000000043627857
14,000000047583633
14,000000047573401
14,000000048468532
14,000000047573627
14,000000047583962
14,000000043628111
14,000000031818242
14,200000031899341
14,20000004405723
14,200000047997897
14,200000047976697
14,200000048886404
14,200000047976731
14,200000047997642
14,20000004405672
14,200000031899162
14,200000044660358
14,20000005815971
14,200000064095947
14,20000006405951
14,200000063638369
14,200000064059378
14,200000064095137
14,200000058158185
14,200000044659754
14,20000004765116
14,200000064051926
14,20000006994799
14,200000069849034
14,200000069870628
14,200000069848866
14,200000069947265
14,200000064050199
14,200000047650551
14,200000044660314
14,200000058159823
14,200000064096104
14,200000064059319
14,200000063637944
14,200000064059195
14,20000006409553
14,200000058158823
14,20000004465987
14,200000031899323
14,200000044057312
14,200000047997884
14,200000047976662
14,200000048886336
14,200000047976555
14,200000047997852
14,200000044057
14,200000031899233
14,400000031969492
14,400000044475279
14,40000004839193
14,400000048363333
14,400000049281175
14,400000048363275
14,400000048392018
14,400000044475721
14,400000031969688
14,400000045056622
14,40000005914846
14,400000065083656
14,400000065028868
14,400000064600354
14,400000065028369
14,400000065083972
14,400000059150113
14,40000004505728
14,40000004806305
14,40000006509047
14,400000070965335
14,40000007084657
14,400000070899603
14,40000007084613
14,400000070965794
14,400000065092266
14,400000048063909
14,400000045056624
14,400000059148727
14,400000065084045
14,40000006502917
14,40000006460092
14,400000065028829
14,400000065084058
14,400000059149894
14,400000045057121
14,40000003196951
14,400000044475384
14,400000048392009
14,400000048363506
14,400000049281456
14,400000048363387
14,400000048392096
14,40000004447568
14,400000031969586
14,600000032022407
14,60000004488741
14,600000048761446
14,600000048734216
14,60000004965726
14,600000048734637
14,600000048761643
14,60000004488722
14,600000032022313
14,600000045457568
14,600000060146819
14,600000066082432
14,60000006600567
14,600000065573427
14,600000066006528
14,600000066082863
14,60000006014595
14,600000045457092
14,600000048458883
14,600000066144075
14,600000071977952
14,600000071850623
14,60000007191432
14,600000071851593
14,600000071978156
14,600000066142481
14,600000048458243
14,60000004545753
14,60000006014676
14,6000000660824
14,600000066005302
14,60000006557306
14,600000066006334
14,600000066082734
14,600000060145845
14,600000045457033
14,60000003202243
14,600000044887391
14,600000048761334
14,60000004873412
14,600000049657186
14,60000004873441
14,60000004876161
14,600000044887215
14,600000032022288
14,80000003205921
14,80000004528289
14,80000004912028
14,800000049086748
14,800000050010812
14,800000049086504
14,800000049119973
14,800000045282776
14,800000032059248
14,80000004583643
14,800000061162315
14,800000067089764
14,800000066990822
14,800000066557265
14,800000066989998
14,800000067088968
14,800000061162574
14,800000045836631
14,800000048838674
14,800000067202078
14,800000072993111
14,800000072859696
14,800000072933313
14,800000072858936
14,80000007299285
14,800000067202909
14,800000048839223
14,800000045836319
14,800000061162057
14,8000000670895
14,800000066990531
14,800000066556843
14,800000066989645
14,800000067088828
14,800000061162603
14,800000045836622
14,800000032059227
14,800000045282834
14,800000049120131
14,800000049086655
14,800000050010782
14,800000049086274
14,800000049119957
14,800000045282859
14,800000032059284
15,000000032090854
15,000000045654797
15,00000004947072
15,000000049415034
15,0000000503477
15,000000049415195
15,000000049471018
15,000000045654975
15,00000003209094
15,000000046195241
15,000000062208349
15,000000068095652
15,0000000679842
15,000000067545317
15,000000067984296
15,000000068095998
15,000000062208587
15,000000046195247
15,000000049195203
15,000000068256004
15,000000074013421
15,000000073864806
15,000000073953323
15,000000073864708
15,000000074013311
15,000000068255261
15,00000004919491
15,000000046195314
15,000000062208917
15,000000068096162
15,000000067984393
15,000000067545756
15,000000067985004
15,000000068096544
15,000000062208754
15,000000046195142
15,000000032090876
15,000000045655034
15,000000049470863
15,000000049415153
15,000000050347976
15,000000049415341
15,000000049471275
15,000000045655081
15,000000032090888
15,200000032121865
15,200000046009274
15,200000049815205
15,20000004972515
15,200000050674547
15,200000049725304
15,200000049815149
15,200000046009123
15,200000032121883
15,200000046533543
15,200000063274356
15,200000069108135
15,200000068983693
15,200000068543943
15,200000068984204
15,200000069108425
15,200000063274548
15,200000046533555
15,200000049540012
15,200000069304663
15,200000075045931
15,200000074866475
15,200000074982324
15,200000074867402
15,20000007504691
15,200000069305384
15,200000049540309
15,200000046533376
15,200000063274084
15,200000069108185
15,200000068983803
15,200000068544039
15,20000006898396
15,200000069108025
15,200000063274253
15,200000046533443
15,200000032121796
15,20000004600916
15,200000049815156
15,200000049725217
15,200000050674607
15,200000049725073
15,200000049815035
15,20000004600908
15,20000003212183
15,400000032136637
15,400000046349442
15,400000050132716
15,400000050017884
15,400000050976306
15,400000050017889
15,400000050132713
15,400000046349449
15,4000000321367
15,40000004685205
15,400000064357354
15,400000070133228
15,400000069996853
15,40000006955189
15,400000069996274
15,400000070132737
15,400000064356965
15,400000046851881
15,400000049872263
15,400000070365047
15,400000076074205
15,40000007587363
15,400000075996699
15,400000075872615
15,400000076073061
15,400000070363719
15,400000049871922
15,400000046852059
15,400000064357554
15,400000070133089
15,400000069996143
15,400000069551135
15,40000006999597
15,400000070132815
15,400000064357144
15,400000046851979
15,400000032136655
15,400000046349568
15,400000050132599
15,400000050017614
15,400000050976075
15,400000050017628
15,40000005013283
15,400000046349538
15,400000032136681
15,600000032135435
15,60000004667047
15,600000050420304
15,600000050289198
15,600000051259158
15,600000050289061
15,600000050420167
15,600000046670537
15,600000032135533
15,600000047156042
15,600000065459911
15,600000071175472
15,600000071018068
15,60000007057086
15,600000071017792
15,600000071175344
15,600000065460517
15,600000047156316
15,60000005017309
15,600000071430678
15,600000077097748
15,600000076871341
15,600000077014867
15,600000076871492
15,600000077098468
15,600000071431863
15,600000050173609
15,600000047155907
15,600000065459696
15,60000007117539
15,600000071018195
15,600000070571296
15,600000071018199
15,600000071175506
15,600000065460376
15,600000047156197
15,600000032135439
15,6000000466704
15,600000050420277
15,60000005028925
15,600000051259455
15,600000050289113
15,60000005042024
15,600000046670507
15,600000032135476
15,8000000321065
15,80000004697534
15,800000050680644
15,800000050536
15,800000051515108
15,800000050536475
15,800000050681023
15,800000046975304
15,800000032106531
15,80000004745019
15,800000066583292
15,800000072231086
15,800000072051681
15,800000071599985
15,800000072052898
15,800000072231985
15,800000066583065
15,800000047449917
15,800000050461803
15,800000072506332
15,800000078118652
15,800000077878218
15,800000078027834
15,800000077879146
15,800000078119083
15,80000007250527
15,80000005046136
15,800000047450274
15,800000066583726
15,80000007223176
15,800000072052065
15,800000071600115
15,800000072052802
15,800000072231912
15,80000006658304
15,800000047449945
15,800000032106597
15,80000004697557
15,800000050680847
15,800000050536145
15,800000051515283
15,800000050536331
15,800000050681017
15,800000046975345
15,800000032106528
16,00000003205037
16,000000047271726
16,00000005091736
16,000000050764914
16,00000005175184
16,000000050764495
16,000000050916935
16,00000004727175
16,000000032050345
16,000000047728527
16,000000067724862
16,000000073297066
16,0000000730958
16,00000007263539
16,000000073094302
16,00000007329569
16,00000006772491
16,000000047728822
16,00000005073224
16,000000073591465
16,000000079136363
16,00000007888501
16,000000079038124
16,000000078883627
16,00000007913537
16,000000073591863
16,000000050732606
16,000000047728477
16,00000006772465
16,000000073296537
16,000000073094984
16,000000072634865
16,000000073094398
16,000000073296217
16,000000067725296
16,000000047728804
16,000000032050306
16,000000047271694
16,00000005091711
16,00000005076458
16,0000000517517
16,000000050764353
16,000000050917194
16,00000004727188
16,000000032050455
16,200000031959274
16,200000047562256
16,200000051121336
16,200000050965766
16,200000051957094
16,200000050966093
16,200000051121634
16,20000004756226
16,200000031959224
16,200000047997104
16,200000068884133
16,200000074377677
16,200000074159664
16,200000073673458
16,200000074160574
16,2000000743784
16,200000068884115
16,20000004799687
16,200000050976296
16,200000074698174
16,20000008014316
16,200000079878652
16,200000080058206
16,2000000798794
16,20000008014382
16,200000074697716
16,200000050976033
16,200000047996806
16,200000068883938
16,200000074377712
16,20000007415998
16,200000073673618
16,200000074160084
16,200000074377567
16,20000006888317
16,200000047996596
16,200000031959217
16,20000004756223
16,200000051121457
16,200000050965848
16,200000051957325
16,200000050965716
16,20000005112131
16,200000047561826
16,200000031959256
16,40000003183359
16,400000047850973
16,40000005129292
16,40000005114295
16,400000052138825
16,400000051143078
16,400000051293098
16,400000047851094
16,400000031833624
16,400000048254814
16,40000007006328
16,40000007547216
16,40000007523202
16,400000074733512
16,400000075232256
16,40000007547249
16,40000007006381
16,400000048254935
16,40000005118457
16,40000007581434
16,400000081150246
16,4000000808726
16,400000081073962
16,40000008087302
16,400000081150733
16,400000075814866
16,400000051184886
16,400000048254977
16,400000070063868
16,400000075472608
16,40000007523195
16,400000074733445
16,400000075232914
16,400000075473763
16,400000070065058
16,40000004825543
16,40000003183364
16,400000047851144
16,4000000512931
16,400000051142918
16,400000052138868
16,400000051143188
16,40000005129372
16,40000004785167
16,400000031833745
16,600000031688356
16,60000004812117
16,6000000514426
16,60000005129466
16,600000052285466
16,600000051294398
16,60000005144221
16,60000004812086
16,600000031688307
16,600000048491776
16,600000071271243
16,60000007657954
16,600000076318132
16,600000075805337
16,600000076317308
16,600000076578638
16,6000000712707
16,60000004849156
16,600000051366994
16,600000076945054
16,600000082149933
16,600000081862913
16,60000008208929
16,600000081861946
16,600000082149066
16,60000007694431
16,6000000513669
16,600000048491623
16,600000071270973
16,60000007657946
16,60000007631847
16,600000075805827
16,60000007631715
16,600000076577736
16,60000007126978
16,60000004849124
16,600000031688317
16,60000004812098
16,600000051442507
16,600000051294696
16,60000005228579
16,60000005129421
16,600000051441903
16,600000048120485
16,600000031688126
16,800000031520774
16,800000048368155
16,80000005156737
16,800000051414337
16,800000052404393
16,800000051414546
16,80000005156764
16,8000000483683
16,8000000315209
16,800000048716864
16,800000072506684
16,800000077692857
16,800000077414882
16,80000007690133
16,800000077415337
16,800000077693273
16,800000072507128
16,80000004871692
16,80000005151452
16,800000078077346
16,80000008315596
16,80000008284973
16,800000083104244
16,800000082850204
16,800000083156355
16,80000007807749
16,800000051514633
16,80000004871673
16,800000072506734
16,800000077692467
16,800000077413884
16,80000007690034
16,800000077415024
16,800000077693642
16,80000007250756
16,800000048717116
16,8000000315209
16,80000004836815
16,80000005156721
16,800000051413864
16,800000052403995
16,80000005141425
16,800000051567782
16,800000048368503
16,80000003152094
17,000000031326586
17,000000048585047
17,00000005167159
17,00000005150556
17,000000052482715
17,000000051505804
17,00000005167179
17,000000048584862
17,000000031326504
17,000000048924367
17,000000073775333
17,00000007882017
17,000000078525364
17,00000007801469
17,000000078526046
17,000000078820616
17,000000073775208
17,000000048924207
17,00000005162863
17,00000007921696
17,000000084153434
17,00000008383069
17,000000084111996
17,00000008383143
17,00000008415423
17,00000007921684
17,000000051628664
17,00000004892432
17,000000073775347
17,00000007882066
17,00000007852617
17,000000078015304
17,00000007852612
17,000000078820385
17,00000007377499
17,000000048924104
17,000000031326515
17,000000048585044
17,000000051671858
17,000000051505882
17,000000052482964
17,000000051505573
17,000000051671794
17,00000004858483
17,00000003132639
17,20000003110373
17,20000004877982
17,2000000517497
17,200000051576517
17,200000052528836
17,20000005157595
17,200000051749438
17,200000048780023
17,20000003110388
17,20000004911152
17,200000075076908
17,20000007995834
17,200000079654966
17,20000007914876
17,200000079653464
17,20000007995728
17,200000075077284
17,200000049111612
17,200000051709985
17,200000080364795
17,200000085150588
17,20000008481647
17,200000085099173
17,200000084814913
17,200000085149266
17,200000080364816
17,200000051710298
17,20000004911148
17,200000075076915
17,200000079958112
17,2000000796546
17,20000007914897
17,200000079654078
17,20000007995776
17,200000075077373
17,200000049111654
17,200000031103762
17,200000048779877
17,20000005174961
17,200000051576303
17,20000005252896
17,200000051576158
17,200000051749722
17,200000048780048
17,200000031103784
17,4000000308456
17,400000048968437
17,400000051802778
17,400000051619113
17,400000052533258
17,400000051619656
17,400000051803183
17,40000004896818
17,400000030845575
17,400000049280454
17,400000076403334
17,40000008110531
17,400000080801323
17,40000008030867
17,400000080803228
17,40000008110639
17,400000076402662
17,400000049279992
17,400000051771716
17,400000081529072
17,40000008614043
17,400000085795796
17,400000086067895
17,40000008579734
17,400000086141294
17,4000000815281
17,400000051771183
17,40000004928048
17,40000007640353
17,400000081105798
17,400000080801618
17,40000008030818
17,400000080802304
17,40000008110586
17,400000076402584
17,40000004928001
17,400000030845614
17,400000048968582
17,400000051802962
17,4000000516191
17,400000052533183
17,400000051619212
17,400000051802905
17,400000048968227
17,40000003084557
17,600000030554394
17,60000004914418
17,60000005182472
17,60000005163074
17,60000005250431
17,600000051630182
17,600000051824495
17,600000049144366
17,600000030554476
17,600000049418853
17,600000077763518
17,60000008226985
17,60000008197113
17,600000081481788
17,60000008196984
17,60000008226917
17,60000007776434
17,600000049419236
17,600000051806347
17,600000082705215
17,60000008711478
17,600000086769555
17,600000087029954
17,600000086768812
17,60000008711502
17,60000008270654
17,600000051806983
17,60000004941871
17,600000077763035
17,600000082268867
17,600000081970354
17,60000008148173
17,600000081970233
17,600000082269414
17,60000007776409
17,600000049419148
17,600000030554334
17,60000004914396
17,600000051824466
17,60000005163024
17,600000052504374
17,600000051630253
17,600000051824686
17,600000049144263
17,600000030554483
17,80000003024237
17,800000049290546
17,800000051810482
17,800000051611246
17,800000052442524
17,80000005161167
17,800000051810855
17,800000049290528
17,80000003024235
17,80000004952858
17,8000000791665
17,80000008345209
17,800000083154835
17,800000082676114
17,800000083155453
17,800000083452524
17,800000079166217
17,80000004952836
17,80000005181295
17,80000008388966
17,800000088083596
17,800000087730417
17,800000088001575
17,800000087730265
17,80000008808289
17,800000083888307
17,80000005181258
17,800000049528812
17,800000079167177
17,800000083453273
17,800000083155936
17,800000082676604
17,800000083155464
17,80000008345242
17,800000079166242
17,800000049528364
17,800000030242387
17,80000004929076
17,800000051811047
17,80000005161166
17,800000052442815
17,800000051611537
17,800000051810855
17,800000049290592
17,800000030242305
18,00000002990336
18,00000004940886
18,00000005175917
18,000000051564644
18,000000052351385
18,000000051564452
18,0000000517588
18,00000004940852
18,000000029903227
18,00000004960058
18,00000008061842
18,000000084645457
18,000000084361716
18,000000083893053
18,000000084361517
18,00000008464484
18,000000080617745
18,00000004960039
18,000000051783054
18,000000085074667
18,000000089045965
18,00000008868733
18,000000088954543
18,00000008868807
18,000000089046733
18,000000085074962
18,000000051783143
18,00000004960046
18,00000008061805
18,000000084644896
18,000000084361282
18,00000008389286
18,00000008436184
18,000000084645578
18,00000008061832
18,0000000496005
18,000000029903376
18,000000049408623
18,000000051758967
18,000000051564395
18,000000052351428
18,00000005156456
18,00000005175914
18,00000004940867
18,00000002990322
18,200000029532283
18,20000004950173
18,200000051670138
18,200000051481553
18,200000052209415
18,200000051481755
18,20000005167077
18,200000049502293
18,200000029532635
18,200000049646736
18,20000008210949
18,200000085857564
18,200000085591164
18,20000008513909
18,2000000855913
18,200000085858544
18,200000082110872
18,20000004964721
18,200000051715502
18,20000008627557
18,200000089992606
18,200000089639964
18,200000089893326
18,200000089639047
18,20000008999238
18,20000008627583
18,200000051715758
18,200000049646647
18,200000082109344
18,200000085857234
18,20000008559082
18,200000085138473
18,20000008559021
18,20000008585701
18,200000082109707
18,200000049646825
18,20000002953226
18,200000049501593
18,200000051670028
18,200000051481492
18,200000052209248
18,200000051481226
18,20000005167014
18,20000004950186
18,200000029532376
18,400000029128375
18,40000004956345
18,400000051544016
18,400000051365247
18,400000052025593
18,40000005136508
18,40000005154353
18,40000004956281
18,400000029128265
18,400000049683573
18,400000083641494
18,400000087091374
18,400000086830598
18,400000086423212
18,400000086830367
18,400000087090138
18,400000083640077
18,400000049683065
18,400000051587728
18,40000008749017
18,40000009092751
18,400000090589685
18,400000090815084
18,400000090590364
18,400000090927563
18,40000008748964
18,400000051587476
18,400000049683577
18,40000008364162
18,400000087091463
18,40000008683081
18,40000008642366
18,40000008683132
18,4000000870916
18,40000008364124
18,400000049683364
18,40000002912842
18,400000049563477
18,400000051544133
18,400000051365353
18,400000052025796
18,400000051365463
18,40000005154418
18,40000004956325
18,40000002912835
18,600000028680974
18,600000049592733
18,600000051389706
18,600000051207093
18,60000005179755
18,600000051207243
18,60000005139019
18,600000049593042
18,600000028681148
18,600000049689346
18,600000085216227
18,60000008833679
18,60000008809196
18,60000008774254
18,600000088092358
18,600000088337524
18,60000008521678
18,600000049689367
18,60000005141873
18,60000008871954
18,600000091850237
18,600000091533182
18,600000091714026
18,60000009153279
18,60000009184993
18,600000088719387
18,600000051418668
18,600000049689328
18,60000008521648
18,6000000883372
18,6000000880926
18,600000087742938
18,600000088092365
18,600000088337048
18,600000085216255
18,600000049689235
18,600000028681126
18,600000049592833
18,60000005138988
18,600000051207267
18,600000051797803
18,600000051207175
18,60000005139005
18,600000049592857
18,60000002868105
18,800000028189906
18,800000049584607
18,80000005118468
18,80000005100744
18,800000051522627
18,8000000510072
18,80000005118466
18,800000049584597
18,80000002819006
18,800000049665137
18,800000086845728
18,800000089610947
18,800000089382177
18,8000000890898
18,80000008938192
18,800000089610922
18,80000008684635
18,800000049665396
18,80000005121647
18,800000089956747
18,80000009275562
18,8000000924629
18,80000009261152
18,80000009246292
18,800000092756353
18,800000089957894
18,800000051217012
18,800000049665066
18,80000008684533
18,80000008961013
18,800000089381147
18,80000008908871
18,800000089381133
18,800000089610435
18,800000086845955
18,800000049665325
18,80000002819001
18,80000004958439
18,80000005118437
18,800000051006975
18,800000051522336
18,800000051006887
18,800000051184465
18,8000000495845
18,80000002818999
19,000000027657272
19,00000004955932
19,00000005092324
19,00000005077111
19,00000005120402
19,00000005077117
19,000000050923145
19,000000049558956
19,00000002765712
19,00000004960963
19,00000008852552
19,00000009090627
19,000000090691675
19,00000009046859
19,000000090691852
19,000000090905612
19,0000000885243
19,000000049609138
19,000000050956327
19,000000091210858
19,000000093647245
19,000000093379153
19,000000093496336
19,000000093379064
19,000000093646417
19,0000000912092
19,000000050955723
19,000000049609586
19,0000000885256
19,00000009090643
19,00000009069193
19,000000090468898
19,00000009069237
19,000000090906354
19,000000088524768
19,000000049609252
19,00000002765724
19,0000000495593
19,00000005092327
19,000000050771238
19,000000051204207
19,00000005077135
19,00000005092342
19,00000004955917
19,000000027657155
19,200000027085874
19,20000004950256
19,200000050613284
19,20000005049158
19,200000050823633
19,200000050491457
19,200000050613475
19,20000004950283
19,20000002708607
19,20000004952908
19,200000090248885
19,20000009222478
19,20000009203395
19,200000091880472
19,20000009203384
19,200000092225377
19,20000009024999
19,20000004952944
19,20000005064972
19,20000009248261
19,200000094518
19,200000094279257
19,200000094367336
19,200000094278767
19,200000094518433
19,20000009248391
19,200000050650154
19,20000004952907
19,200000090249233
19,20000009222533
19,200000092034553
19,200000091880852
19,200000092033935
19,200000092225217
19,200000090249837
19,20000004952947
19,200000027085892
19,200000049502684
19,200000050613554
19,20000005049172
19,200000050823864
19,200000050491507
19,20000005061358
19,200000049502844
19,200000027085867
19,40000002647781
19,400000049402067
19,40000005025453
19,40000005016808
19,40000005040568
19,400000050168185
19,400000050254558
19,400000049402
19,4000000264778
19,400000049429284
19,400000092029423
19,400000093571997
19,40000009340899
19,40000009330452
19,40000009340936
19,400000093572118
19,40000009202902
19,400000049429025
19,40000005029526
19,40000009377021
19,40000009536701
19,40000009517349
19,400000095230663
19,40000009517412
19,400000095367265
19,400000093769723
19,40000005029497
19,400000049429195
19,40000009202919
19,400000093571524
19,400000093408266
19,40000009330391
19,400000093409005
19,400000093571816
19,4000000920288
19,400000049429
19,400000026477812
19,400000049402017
19,400000050254302
19,40000005016785
19,400000050405463
19,400000050168018
19,40000005025442
19,400000049401918
19,400000026477727
19,6000000258393
19,60000004926929
19,600000049848735
19,600000049788207
19,600000049946573
19,600000049788076
19,600000049848607
19,600000049269234
19,600000025839247
19,60000004928169
19,600000093870776
19,60000009493841
19,600000094821432
19,600000094752208
19,600000094820995
19,60000009493778
19,600000093870467
19,6000000492816
19,60000004987403
19,60000009507851
19,600000096193256
19,600000096049513
19,600000096082223
19,600000096048788
19,600000096192716
19,600000095078283
19,600000049874055
19,60000004928152
19,60000009387042
19,60000009493818
19,600000094821333
19,600000094752147
19,600000094820917
19,60000009493782
19,600000093870605
19,60000004928164
19,60000002583921
19,600000049269187
19,60000004984864
19,600000049788218
19,600000049946615
19,600000049788047
19,60000004984868
19,600000049269273
19,600000025839325
19,800000025166934
19,800000049091633
19,800000049390356
19,800000049357664
19,80000004943745
19,800000049357685
19,80000004939056
19,80000004909189
19,800000025167094
19,800000049098234
19,80000009577306
19,800000096331846
19,80000009626841
19,800000096234363
19,80000009626883
19,800000096332507
19,800000095773555
19,80000004909838
19,800000049411207
19,80000009640484
19,800000096990743
19,800000096907976
19,80000009692431
19,80000009690839
19,800000096991162
19,800000096405014
19,8000000494112
19,80000004909837
19,800000095773598
19,800000096332422
19,800000096268842
19,800000096234786
19,80000009626908
19,800000096332504
19,800000095773488
19,80000004909825
19,800000025166987
19,800000049091857
19,800000049390476
19,800000049357774
19,800000049437532
19,800000049357863
19,800000049390558
19,80000004909184
19,800000025166977
20,000000024437796
20,00000004887555
20,00000004887559
20,000000048875542
20,000000048875577
20,000000048875574
20,00000004887557
20,000000048875584
20,00000002443776
20,000000048875577
20,000000097751133
20,00000009775106
20,000000097751087
20,000000097751123
20,000000097751155
20,00000009775111
20,000000097751183
20,0000000488756
20,00000004887559
20,000000097751183
20,00000009775115
20,000000097751087
20,000000097751087
20,0000000977512
20,000000097751126
20,00000009775118
20,000000048875528
20,000000048875552
20,000000097751197
20,000000097751123
20,00000009775113
20,000000097751094
20,000000097751137
20,000000097751162
20,000000097751187
20,00000004887556
20,000000024437806
20,00000004887551
20,000000048875602
20,00000004887563
20,000000048875595
20,000000048875602
20,000000048875545
20,000000048875545
20,00000002443781
